0.20 0.78
0.22 0.44
0.24 0.68
0.16 0.30
0.05 0.60
0.44 0.48
0.33 0.59
0.28 0.37
0.37 0.35
0.13 0.17
0.37 0.62
0.25 0.44
0.25 0.17
0.17 0.23
0.37 0.30
0.17 0.50
0.29 0.30
0.24 0.87
0.24 0.61
0.25 0.28
0.24 0.24
0.13 0.47
0.19 0.36
0.33 0.28
0.05 0.45
0.29 0.46
0.05 0.56
0.37 0.39
0.24 0.70
0.16 0.20
0.32 0.21
0.11 0.64
0.26 0.68
0.13 0.60
0.11 0.26
0.14 0.70
0.12 0.71
0.13 0.22
0.12 0.74
0.21 0.22
0.05 0.43
0.20 0.29
0.20 0.62
0.21 0.48
0.16 0.63
0.12 0.23
0.20 0.53
0.25 0.47
0.32 0.27
0.29 0.32
0.29 0.39
0.35 0.61
0.34 0.17
0.16 0.42
0.33 0.72
0.37 0.46
0.25 0.25
0.26 0.15
0.37 0.32
0.12 0.53
0.35 0.66
0.25 0.22
0.31 0.77
0.14 0.52
0.26 0.62
0.37 0.71
0.28 0.61
0.38 0.54
0.09 0.37
0.27 0.16
0.07 0.46
0.15 0.37
0.25 0.65
0.10 0.31
0.17 0.55
0.27 0.80
0.34 0.75
0.17 0.58
0.22 0.29
0.21 0.75
0.33 0.19
0.37 0.74
0.33 0.62
0.07 0.58
0.30 0.45
0.29 0.53
0.06 0.61
0.08 0.30
0.17 0.52
0.41 0.54
0.14 0.78
0.18 0.76
0.06 0.54
0.36 0.60
0.32 0.80
0.40 0.51
0.19 0.41
0.15 0.38
0.14 0.76
0.13 0.69
0.26 0.43
0.34 0.29
0.13 0.27
0.19 0.41
0.22 0.76
0.27 0.62
0.21 0.41
0.33 0.69
0.35 0.29
0.41 0.68
0.12 0.29
0.14 0.70
0.16 0.73
0.29 0.73
0.34 0.24
0.10 0.78
0.24 0.69
0.23 0.45
0.16 0.50
0.18 0.14
0.26 0.18
0.31 0.22
0.26 0.81
0.29 0.46
0.17 0.47
0.34 0.18
0.41 0.60
0.20 0.49
0.25 0.62
0.27 0.31
0.29 0.16
0.37 0.24
0.33 0.50
0.21 0.27
0.26 0.85
0.10 0.24
0.13 0.74
0.29 0.82
0.21 0.28
0.07 0.35
0.38 0.63
0.28 0.77
0.15 0.63
0.18 0.75
0.36 0.73
0.23 0.42
0.38 0.47
0.10 0.36
0.36 0.68
0.10 0.65
0.27 0.63
0.24 0.52
0.12 0.45
0.41 0.64
0.31 0.53
0.11 0.58
0.23 0.55
0.29 0.67
0.35 0.63
0.23 0.66
0.14 0.57
0.18 0.29
0.15 0.61
0.31 0.47
0.38 0.74
0.13 0.22
0.40 0.31
0.28 0.15
0.13 0.66
0.15 0.26
0.37 0.45
0.13 0.67
0.06 0.50
0.16 0.70
0.27 0.84
0.17 0.82
0.29 0.59
0.18 0.28
0.42 0.53
0.06 0.38
0.19 0.54
0.32 0.44
0.33 0.68
0.21 0.58
0.16 0.51
0.16 0.25
0.14 0.67
0.10 0.54
0.28 0.59
0.23 0.38
0.39 0.66
0.33 0.43
0.41 0.52
0.35 0.37
0.16 0.80
0.14 0.19
0.32 0.15
0.18 0.50
0.34 0.21
0.28 0.16
0.15 0.57
0.33 0.42
0.09 0.77
0.23 0.74
0.30 0.55
0.30 0.46
0.21 0.83
0.42 0.64
0.42 0.65
0.35 0.53
0.18 0.27
0.10 0.26
0.21 0.51
0.13 0.19
0.31 0.48
0.25 0.49
0.20 0.81
0.23 0.17
0.41 0.38
0.37 0.31
0.29 0.64
0.28 0.19
0.12 0.77
0.10 0.23
0.29 0.40
0.09 0.59
0.35 0.77
0.19 0.73
0.43 0.42
0.20 0.23
0.21 0.74
0.16 0.77
0.20 0.12
0.34 0.19
0.43 0.51
0.19 0.72
0.21 0.39
0.32 0.23
0.32 0.36
0.33 0.28
0.30 0.13
0.31 0.83
0.16 0.22
0.15 0.14
0.30 0.21
0.35 0.44
0.30 0.50
0.19 0.25
0.33 0.43
0.27 0.48
0.08 0.56
0.14 0.27
0.21 0.50
0.06 0.39
0.28 0.63
0.10 0.43
0.24 0.29
0.37 0.55
0.13 0.57
0.28 0.70
0.32 0.64
0.24 0.12
0.07 0.63
0.39 0.30
0.38 0.66
0.35 0.71
0.31 0.59
0.30 0.36
0.32 0.45
0.21 0.46
0.33 0.49
0.20 0.41
0.16 0.64
0.11 0.24
0.06 0.51
0.25 0.23
0.41 0.58
0.20 0.62
0.32 0.62
0.27 0.66
0.24 0.38
0.31 0.87
0.38 0.26
0.35 0.75
0.27 0.13
0.37 0.53
0.18 0.24
0.26 0.25
0.38 0.69
0.39 0.35
0.25 0.28
0.21 0.23
0.39 0.74
0.17 0.13
0.20 0.49
0.08 0.32
0.11 0.25
0.30 0.38
0.25 0.16
0.20 0.63
0.20 0.19
0.14 0.83
0.20 0.57
0.29 0.33
0.10 0.34
0.28 0.82
0.07 0.56
0.12 0.20
0.39 0.55
0.23 0.52
0.35 0.67
0.20 0.71
0.19 0.34
0.35 0.36
0.10 0.71
0.15 0.60
0.24 0.17
0.37 0.25
0.20 0.85
0.11 0.39
0.08 0.50
0.21 0.42
0.27 0.69
0.22 0.50
0.21 0.62
0.44 0.52
0.24 0.57
0.09 0.46
0.07 0.68
0.29 0.77
0.14 0.23
0.28 0.30
0.13 0.67
0.16 0.73
0.26 0.79
0.35 0.52
0.18 0.44
0.42 0.43
0.19 0.32
0.26 0.12
0.17 0.31
0.14 0.81
0.37 0.71
0.32 0.44
0.34 0.74
0.25 0.56
0.20 0.78
0.40 0.60
0.20 0.52
0.36 0.58
0.29 0.63
0.34 0.44
0.05 0.43
0.15 0.52
0.39 0.53
0.16 0.83
0.32 0.65
0.28 0.80
0.09 0.32
0.10 0.36
0.28 0.58
0.19 0.87
0.25 0.77
0.23 0.71
0.10 0.77
0.36 0.62
0.33 0.68
0.12 0.64
0.22 0.36
0.38 0.66
0.19 0.72
0.35 0.34
0.17 0.81
0.09 0.34
0.43 0.39
0.10 0.70
0.37 0.50
0.05 0.62
0.22 0.42
0.33 0.73
0.26 0.50
0.24 0.43
0.40 0.28
0.39 0.59
0.19 0.66
0.23 0.14
0.16 0.31
0.35 0.80
0.21 0.72
0.30 0.60
0.12 0.47
0.26 0.33
0.06 0.60
0.13 0.46
0.18 0.69
0.31 0.60
0.10 0.76
0.32 0.56
0.28 0.13
0.39 0.57
0.18 0.47
0.18 0.15
0.23 0.73
0.10 0.52
0.20 0.40
0.29 0.46
0.27 0.79
0.10 0.36
0.31 0.41
0.30 0.80
0.21 0.20
0.28 0.51
0.12 0.81
0.18 0.47
0.32 0.49
0.38 0.75
0.17 0.39
0.35 0.20
0.11 0.22
0.24 0.35
0.21 0.38
0.11 0.73
0.13 0.46
0.17 0.79
0.10 0.64
0.18 0.33
0.22 0.37
0.33 0.16
0.39 0.67
0.33 0.55
0.18 0.72
0.43 0.56
0.26 0.64
0.15 0.46
0.34 0.49
0.25 0.17
0.06 0.48
0.15 0.38
0.31 0.73
0.17 0.16
0.25 0.49
0.12 0.25
0.43 0.53
0.39 0.30
0.06 0.56
0.19 0.47
0.34 0.38
0.05 0.59
0.41 0.58
0.30 0.39
0.31 0.13
0.28 0.22
0.17 0.84
0.08 0.52
0.31 0.62
0.28 0.65
0.19 0.26
0.33 0.64
0.22 0.16
0.11 0.57
0.25 0.26
0.29 0.62
0.23 0.71
0.37 0.66
0.28 0.20
0.18 0.79
0.20 0.62
0.06 0.38
0.24 0.50
0.37 0.79
0.40 0.58
0.43 0.51
0.35 0.25
0.27 0.37
0.37 0.77
0.30 0.77
0.20 0.55
0.43 0.61
0.11 0.76
0.14 0.39
0.26 0.40
0.26 0.26
0.12 0.51
0.08 0.27
0.22 0.35
0.17 0.67
0.37 0.33
0.16 0.70
0.43 0.51
0.32 0.16
0.09 0.65
0.12 0.23
0.20 0.61
0.31 0.57
0.09 0.50
0.29 0.51
0.29 0.71
0.29 0.74
0.16 0.29
0.30 0.74
0.40 0.39
0.22 0.18
0.29 0.20
0.37 0.30
0.17 0.80
0.06 0.36
0.22 0.50
0.08 0.47
0.28 0.30
0.32 0.29
0.24 0.60
0.21 0.63
0.21 0.17
0.20 0.49
0.42 0.43
0.20 0.59
0.07 0.28
0.17 0.35
0.39 0.39
0.34 0.32
0.38 0.69
0.18 0.72
0.06 0.53
0.23 0.50
0.24 0.27
0.09 0.52
0.42 0.38
0.34 0.38
0.31 0.36
0.16 0.76
0.12 0.20
0.32 0.76
0.30 0.82
0.19 0.14
0.40 0.55
0.22 0.50
0.32 0.20
0.43 0.41
0.17 0.62
0.42 0.31
0.33 0.46
0.12 0.75
0.36 0.52
0.12 0.23
0.07 0.55
0.17 0.65
0.40 0.37
0.17 0.43
0.34 0.20
0.24 0.55
0.23 0.81
0.15 0.82
0.18 0.79
0.22 0.59
0.22 0.25
0.20 0.61
0.15 0.68
0.21 0.57
0.11 0.25
0.18 0.29
0.16 0.21
0.08 0.65
0.18 0.77
0.21 0.57
0.23 0.83
0.41 0.66
0.38 0.74
0.09 0.74
0.08 0.58
0.12 0.21
0.23 0.38
0.37 0.21
0.07 0.59
0.31 0.81
0.38 0.37
0.09 0.36
0.08 0.62
0.12 0.60
0.20 0.65
0.21 0.88
0.13 0.38
0.22 0.26
0.13 0.46
0.39 0.62
0.12 0.26
0.16 0.73
0.15 0.15
0.22 0.76
0.39 0.55
0.15 0.28
0.30 0.64
0.09 0.54
0.32 0.79
0.07 0.34
0.38 0.23
0.11 0.68
0.09 0.32
0.23 0.50
0.19 0.83
0.27 0.26
0.41 0.36
0.18 0.35
0.21 0.61
0.08 0.36
0.12 0.82
0.08 0.28
0.29 0.37
0.21 0.67
0.28 0.21
0.25 0.20
0.33 0.25
0.32 0.87
0.17 0.60
0.34 0.16
0.22 0.51
0.30 0.64
0.29 0.88
0.25 0.69
0.15 0.41
0.23 0.26
0.08 0.43
0.16 0.50
0.34 0.49
0.18 0.86
0.30 0.85
0.19 0.82
0.41 0.49
0.41 0.65
0.21 0.17
0.19 0.56
0.21 0.86
0.15 0.15
0.26 0.68
0.32 0.28
0.19 0.31
0.23 0.59
0.18 0.62
0.20 0.27
0.18 0.61
0.26 0.34
0.38 0.40
0.24 0.74
0.23 0.39
0.14 0.53
0.11 0.62
0.34 0.16
0.20 0.47
0.41 0.38
0.15 0.60
0.21 0.36
0.25 0.72
0.25 0.55
0.10 0.77
0.26 0.43
0.41 0.46
0.38 0.22
0.23 0.14
0.11 0.45
0.21 0.29
0.15 0.43
0.16 0.73
0.36 0.23
0.10 0.28
0.14 0.23
0.32 0.20
0.35 0.42
0.14 0.85
0.24 0.46
0.14 0.36
0.33 0.82
0.33 0.42
0.39 0.70
0.21 0.26
0.42 0.49
0.38 0.54
0.28 0.80
0.21 0.86
0.13 0.58
0.08 0.59
0.25 0.71
0.15 0.57
0.42 0.63
0.27 0.62
0.21 0.71
0.35 0.37
0.20 0.22
0.17 0.43
0.28 0.33
0.07 0.29
0.14 0.21
0.34 0.69
0.20 0.19
0.14 0.57
0.15 0.20
0.22 0.60
0.19 0.52
0.17 0.40
0.29 0.18
0.23 0.69
0.15 0.82
0.34 0.39
0.28 0.54
0.20 0.61
0.26 0.29
0.21 0.63
0.06 0.59
0.37 0.33
0.16 0.67
0.42 0.49
0.29 0.66
0.10 0.31
0.29 0.74
0.09 0.42
0.22 0.50
0.24 0.52
0.31 0.26
0.23 0.18
0.12 0.34
0.38 0.52
0.29 0.37
0.27 0.60
0.18 0.22
0.39 0.55
0.33 0.29
0.08 0.32
0.19 0.57
0.20 0.21
0.18 0.61
0.26 0.31
0.31 0.17
0.09 0.53
0.33 0.29
0.14 0.28
0.23 0.80
0.23 0.76
0.20 0.75
0.33 0.54
0.32 0.19
0.22 0.72
0.22 0.35
0.16 0.39
0.26 0.84
0.06 0.59
0.15 0.20
0.26 0.51
0.12 0.75
0.31 0.75
0.19 0.27
0.30 0.67
0.40 0.57
0.90 0.34
0.63 0.48
0.73 0.62
0.70 0.28
0.72 0.55
0.92 0.68
0.65 0.72
0.74 0.65
0.76 0.38
0.92 0.55
0.62 0.54
0.83 0.79
0.65 0.65
0.76 0.32
0.86 0.27
0.87 0.35
0.67 0.70
0.71 0.79
0.64 0.31
0.63 0.47
0.91 0.68
0.91 0.53
0.63 0.58
0.91 0.49
0.61 0.36
0.71 0.52
0.81 0.12
0.76 0.42
0.75 0.38
0.58 0.37
0.61 0.60
0.90 0.79
0.84 0.17
0.79 0.39
0.82 0.20
0.76 0.31
0.82 0.54
0.68 0.71
0.85 0.38
0.71 0.42
0.88 0.72
0.71 0.73
0.70 0.17
0.90 0.42
0.78 0.23
0.79 0.62
0.94 0.47
0.68 0.39
0.74 0.66
0.63 0.51
0.95 0.45
0.88 0.22
0.86 0.42
0.84 0.28
0.71 0.64
0.82 0.41
0.86 0.66
0.73 0.57
0.69 0.25
0.69 0.65
0.69 0.51
0.65 0.28
0.79 0.28
0.64 0.23
0.77 0.17
0.72 0.31
0.89 0.66
0.72 0.35
0.91 0.29
0.95 0.50
0.69 0.85
0.68 0.50
0.66 0.64
0.82 0.61
0.93 0.37
0.94 0.61
0.59 0.56
0.83 0.65
0.74 0.67
0.67 0.60
0.84 0.28
0.92 0.69
0.82 0.59
0.93 0.32
0.79 0.71
0.76 0.31
0.74 0.80
0.88 0.50
0.89 0.52
0.79 0.56
0.89 0.60
0.78 0.75
0.63 0.28
0.73 0.28
0.87 0.29
0.86 0.51
0.72 0.41
0.76 0.15
0.84 0.17
0.78 0.84
0.88 0.27
0.88 0.48
0.83 0.43
0.65 0.24
0.88 0.23
0.75 0.46
0.65 0.66
0.65 0.19
0.79 0.72
0.87 0.65
0.75 0.69
0.84 0.62
0.77 0.41
0.90 0.41
0.69 0.80
0.86 0.69
0.81 0.86
0.92 0.44
0.77 0.24
0.93 0.49
0.59 0.46
0.71 0.12
0.67 0.17
0.70 0.56
0.69 0.15
0.80 0.31
0.60 0.55
0.90 0.21
0.80 0.35
0.91 0.36
0.77 0.85
0.69 0.85
0.83 0.66
0.70 0.51
0.70 0.13
0.71 0.61
0.80 0.34
0.85 0.79
0.94 0.51
0.74 0.38
0.71 0.57
0.82 0.39
0.56 0.45
0.76 0.32
0.90 0.43
0.90 0.24
0.90 0.44
0.92 0.27
0.62 0.72
0.93 0.67
0.89 0.66
0.57 0.62
0.57 0.57
0.80 0.45
0.69 0.22
0.88 0.60
0.81 0.62
0.90 0.58
0.86 0.75
0.77 0.79
0.82 0.88
0.63 0.37
0.79 0.30
0.58 0.54
0.66 0.59
0.91 0.35
0.79 0.76
0.90 0.70
0.79 0.13
0.63 0.36
0.61 0.71
0.70 0.48
0.84 0.71
0.81 0.80
0.93 0.63
0.86 0.32
0.82 0.75
0.89 0.79
0.74 0.45
0.57 0.62
0.75 0.78
0.82 0.70
0.67 0.31
0.86 0.62
0.90 0.59
0.89 0.41
0.76 0.43
0.86 0.29
0.82 0.37
0.72 0.14
0.63 0.74
0.57 0.51
0.69 0.65
0.67 0.43
0.73 0.78
0.81 0.54
0.67 0.43
0.67 0.61
0.94 0.64
0.62 0.69
0.70 0.22
0.89 0.65
0.61 0.57
0.91 0.53
0.88 0.53
0.85 0.48
0.78 0.68
0.93 0.62
0.86 0.32
0.72 0.89
0.93 0.68
0.60 0.72
0.96 0.47
0.75 0.41
0.90 0.63
0.94 0.49
0.66 0.81
0.69 0.55
0.75 0.64
0.73 0.58
0.66 0.16
0.61 0.59
0.66 0.37
0.80 0.39
0.67 0.56
0.65 0.28
0.71 0.73
0.64 0.25
0.64 0.20
0.90 0.30
0.64 0.23
0.65 0.39
0.84 0.68
0.86 0.80
0.86 0.23
0.86 0.42
0.84 0.86
0.79 0.70
0.82 0.46
0.78 0.51
0.85 0.77
0.75 0.71
0.67 0.30
0.85 0.15
0.77 0.60
0.61 0.30
0.80 0.11
0.67 0.82
0.68 0.33
0.71 0.68
0.69 0.22
0.83 0.66
0.65 0.54
0.63 0.64
0.94 0.39
0.76 0.84
0.91 0.48
0.68 0.28
0.79 0.22
0.90 0.74
0.87 0.24
0.76 0.64
0.59 0.71
0.81 0.59
0.69 0.15
0.70 0.76
0.60 0.32
0.66 0.64
0.69 0.33
0.64 0.48
0.78 0.28
0.79 0.84
0.67 0.59
0.81 0.44
0.71 0.31
0.67 0.37
0.80 0.33
0.68 0.21
0.82 0.67
0.68 0.28
0.85 0.58
0.70 0.17
0.68 0.57
0.63 0.56
0.69 0.63
0.82 0.17
0.65 0.28
0.81 0.82
0.80 0.70
0.83 0.62
0.74 0.82
0.71 0.77
0.63 0.64
0.85 0.49
0.75 0.29
0.89 0.68
0.82 0.45
0.63 0.71
0.64 0.71
0.67 0.26
0.85 0.80
0.87 0.61
0.58 0.50
0.74 0.63
0.60 0.62
0.70 0.43
0.72 0.32
0.85 0.68
0.84 0.72
0.73 0.24
0.78 0.50
0.75 0.72
0.67 0.58
0.85 0.44
0.69 0.50
0.60 0.35
0.79 0.64
0.68 0.14
0.71 0.73
0.87 0.54
0.56 0.47
0.78 0.68
0.85 0.51
0.94 0.66
0.67 0.50
0.76 0.83
0.84 0.34
0.60 0.73
0.75 0.78
0.94 0.60
0.69 0.16
0.72 0.25
0.60 0.29
0.70 0.49
0.84 0.32
0.86 0.73
0.86 0.42
0.57 0.45
0.56 0.51
0.83 0.46
0.69 0.13
0.71 0.45
0.85 0.45
0.76 0.78
0.85 0.33
0.81 0.21
0.71 0.35
0.73 0.42
0.90 0.34
0.58 0.57
0.75 0.27
0.65 0.61
0.61 0.69
0.73 0.37
0.71 0.15
0.87 0.32
0.81 0.33
0.69 0.14
0.75 0.30
0.95 0.44
0.83 0.67
0.81 0.44
0.64 0.53
0.85 0.39
0.89 0.60
0.67 0.16
0.74 0.37
0.88 0.61
0.91 0.72
0.88 0.69
0.68 0.61
0.56 0.50
0.61 0.54
0.60 0.72
0.96 0.49
0.60 0.59
0.61 0.63
0.60 0.65
0.81 0.27
0.93 0.45
0.83 0.36
0.65 0.50
0.65 0.30
0.91 0.66
0.82 0.83
0.61 0.75
0.82 0.40
0.68 0.79
0.84 0.33
0.70 0.63
0.65 0.48
0.85 0.63
0.87 0.57
0.85 0.49
0.66 0.77
0.85 0.17
0.80 0.35
0.63 0.64
0.81 0.26
0.77 0.36
0.61 0.69
0.58 0.62
0.72 0.23
0.82 0.31
0.61 0.35
0.61 0.63
0.86 0.44
0.69 0.55
0.84 0.79
0.69 0.15
0.83 0.20
0.62 0.30
0.58 0.45
0.68 0.60
0.89 0.76
0.83 0.82
0.78 0.88
0.63 0.70
0.82 0.59
0.74 0.69
0.88 0.34
0.61 0.76
0.87 0.20
0.64 0.54
0.93 0.38
0.88 0.37
0.86 0.33
0.86 0.26
0.90 0.61
0.67 0.29
0.66 0.46
0.90 0.57
0.81 0.20
0.93 0.62
0.70 0.37
0.66 0.59
0.62 0.37
0.68 0.38
0.72 0.54
0.92 0.32
0.73 0.47
0.85 0.84
0.81 0.40
0.86 0.49
0.76 0.31
0.62 0.62
0.80 0.54
0.96 0.58
0.76 0.18
0.88 0.68
0.86 0.23
0.83 0.31
0.72 0.60
0.82 0.57
0.58 0.61
0.75 0.35
0.75 0.42
0.80 0.40
0.91 0.37
0.77 0.77
0.65 0.26
0.66 0.59
0.66 0.55
0.82 0.33
0.87 0.40
0.70 0.29
0.85 0.29
0.86 0.76
0.93 0.61
0.57 0.54
0.72 0.77
0.83 0.86
0.76 0.73
0.70 0.28
0.66 0.85
0.73 0.31
0.72 0.24
0.67 0.84
0.65 0.71
0.76 0.63
0.64 0.49
0.76 0.61
0.80 0.49
0.90 0.22
0.74 0.34
0.75 0.87
0.87 0.18
0.78 0.25
0.90 0.49
0.58 0.56
0.69 0.42
0.88 0.81
0.76 0.67
0.81 0.78
0.70 0.35
0.74 0.59
0.90 0.68
0.79 0.60
0.71 0.25
0.65 0.17
0.65 0.47
0.74 0.55
0.59 0.37
0.70 0.36
0.72 0.22
0.64 0.43
0.64 0.77
0.63 0.62
0.61 0.25
0.87 0.24
0.91 0.71
0.87 0.83
0.66 0.61
0.61 0.75
0.76 0.63
0.73 0.58
0.86 0.17
0.85 0.62
0.64 0.56
0.66 0.15
0.61 0.76
0.78 0.13
0.75 0.87
0.71 0.34
0.71 0.60
0.92 0.57
0.69 0.85
0.82 0.60
0.86 0.79
0.69 0.34
0.87 0.41
0.72 0.88
0.89 0.37
0.87 0.30
0.69 0.23
0.78 0.60
0.59 0.50
0.75 0.51
0.78 0.88
0.82 0.24
0.73 0.28
0.93 0.54
0.86 0.32
0.75 0.77
0.87 0.46
0.78 0.30
0.74 0.74
0.73 0.46
0.81 0.55
0.73 0.50
0.62 0.48
0.70 0.48
0.79 0.38
0.61 0.56
0.88 0.49
0.63 0.68
0.64 0.38
0.91 0.56
0.74 0.33
0.83 0.77
0.64 0.80
0.93 0.55
0.62 0.29
0.85 0.18
0.85 0.57
0.57 0.43
0.94 0.33
0.61 0.77
0.71 0.13
0.86 0.17
0.80 0.88
0.82 0.56
0.91 0.75
0.91 0.43
0.71 0.87
0.78 0.54
0.85 0.15
0.72 0.48
0.74 0.39
0.85 0.70
0.63 0.70
0.76 0.24
0.86 0.49
0.80 0.67
0.88 0.52
0.68 0.71
0.60 0.42
0.68 0.86
0.68 0.63
0.93 0.66
0.66 0.56
0.92 0.46
0.71 0.71
0.81 0.39
0.74 0.75
0.84 0.35
0.69 0.37
0.91 0.57
0.94 0.50
0.68 0.77
0.75 0.32
0.66 0.64
0.75 0.61
0.75 0.65
0.82 0.43
0.86 0.45
0.67 0.78
0.69 0.34
0.74 0.41
0.59 0.51
0.82 0.21
0.76 0.65
0.81 0.44
0.70 0.67
0.67 0.19
0.66 0.62
0.73 0.47
0.87 0.67
0.61 0.61
0.79 0.63
0.74 0.60
0.66 0.49
0.72 0.14
0.84 0.19
0.88 0.38
0.84 0.25
0.61 0.38
0.72 0.85
0.81 0.51
0.79 0.34
0.67 0.56
0.60 0.48
0.80 0.75
0.84 0.17
0.60 0.28
0.77 0.37
0.91 0.34
0.73 0.46
0.63 0.37
0.69 0.76
0.77 0.44
0.77 0.48
0.93 0.46
0.70 0.77
0.68 0.43
0.90 0.27
0.74 0.42
0.76 0.34
0.90 0.38
0.80 0.88
0.70 0.16
0.59 0.65
0.82 0.17
0.92 0.67
0.69 0.83
0.91 0.66
0.95 0.49
0.93 0.42
0.92 0.41
0.74 0.89
0.74 0.72
0.94 0.40
0.80 0.21
0.75 0.48
0.92 0.41
0.57 0.59
0.71 0.70
0.62 0.43
0.84 0.33
0.72 0.37
0.70 0.69
0.92 0.68
0.81 0.58
0.65 0.37
0.67 0.83
0.92 0.55
0.85 0.53
0.88 0.51
0.75 0.62
0.72 0.87
0.70 0.43
0.69 0.49
0.70 0.58
0.62 0.49
0.83 0.65
0.86 0.50
0.72 0.44
0.61 0.23
0.69 0.75
0.68 0.16
0.66 0.43
0.62 0.23
0.81 0.41
0.91 0.54
0.72 0.44
0.89 0.72
0.77 0.22
0.68 0.32
0.77 0.29
0.58 0.36
0.68 0.16
0.71 0.30
0.73 0.71
0.92 0.32
0.87 0.16
0.88 0.51
0.82 0.42
0.83 0.65
0.88 0.78
0.73 0.21
0.90 0.25
0.84 0.64
0.86 0.47
0.79 0.12
0.70 0.47
0.66 0.51
0.63 0.41
0.66 0.60
0.69 0.52
0.87 0.22
0.77 0.41
0.90 0.61
0.92 0.26
0.81 0.56
0.88 0.32
0.81 0.82
0.59 0.72
0.89 0.33
0.78 0.56
0.82 0.82
0.86 0.69
0.67 0.63
0.92 0.54
0.70 0.42
0.84 0.81
0.73 0.24
0.86 0.83
0.70 0.26
0.92 0.57
0.84 0.81
0.81 0.32
0.62 0.76
0.83 0.25
0.74 0.88
0.75 0.23
0.63 0.51
0.58 0.31
0.80 0.77
0.60 0.69
0.68 0.30
