0.26 0.29
0.28 0.18
0.29 0.25
0.20 0.14
0.06 0.23
0.55 0.19
0.41 0.23
0.35 0.16
0.47 0.15
0.16 0.10
0.47 0.24
0.31 0.18
0.32 0.10
0.21 0.12
0.46 0.14
0.22 0.20
0.37 0.14
0.30 0.31
0.30 0.23
0.32 0.13
0.30 0.12
0.16 0.19
0.23 0.16
0.42 0.13
0.06 0.19
0.36 0.19
0.06 0.22
0.46 0.17
0.30 0.26
0.21 0.11
0.40 0.11
0.14 0.24
0.33 0.26
0.16 0.23
0.14 0.13
0.17 0.26
0.15 0.26
0.16 0.12
0.15 0.27
0.27 0.12
0.06 0.18
0.25 0.14
0.26 0.24
0.26 0.19
0.20 0.24
0.15 0.12
0.26 0.21
0.31 0.19
0.40 0.13
0.36 0.14
0.36 0.17
0.44 0.23
0.42 0.10
0.20 0.18
0.41 0.26
0.46 0.19
0.31 0.13
0.33 0.10
0.46 0.15
0.16 0.21
0.43 0.25
0.31 0.12
0.38 0.28
0.18 0.21
0.32 0.24
0.47 0.26
0.35 0.23
0.48 0.21
0.11 0.16
0.33 0.10
0.09 0.19
0.19 0.16
0.31 0.25
0.13 0.14
0.21 0.22
0.33 0.29
0.43 0.28
0.21 0.22
0.27 0.14
0.26 0.27
0.41 0.11
0.46 0.27
0.41 0.24
0.09 0.22
0.37 0.19
0.37 0.21
0.07 0.23
0.10 0.14
0.21 0.21
0.52 0.21
0.17 0.29
0.22 0.28
0.08 0.21
0.46 0.23
0.40 0.29
0.49 0.20
0.24 0.17
0.19 0.16
0.17 0.28
0.16 0.26
0.33 0.18
0.42 0.14
0.16 0.13
0.24 0.17
0.27 0.28
0.34 0.24
0.26 0.17
0.41 0.26
0.43 0.14
0.51 0.25
0.15 0.14
0.18 0.26
0.21 0.27
0.37 0.27
0.43 0.12
0.13 0.28
0.30 0.26
0.28 0.18
0.21 0.20
0.23 0.09
0.32 0.11
0.39 0.12
0.33 0.29
0.36 0.19
0.22 0.19
0.42 0.10
0.51 0.23
0.26 0.20
0.31 0.24
0.34 0.14
0.37 0.10
0.47 0.12
0.41 0.20
0.26 0.13
0.33 0.31
0.12 0.12
0.16 0.27
0.37 0.30
0.26 0.13
0.09 0.15
0.47 0.24
0.35 0.28
0.19 0.24
0.22 0.28
0.46 0.27
0.29 0.18
0.47 0.19
0.13 0.16
0.45 0.25
0.13 0.25
0.34 0.24
0.30 0.21
0.15 0.18
0.51 0.24
0.39 0.21
0.14 0.22
0.29 0.21
0.36 0.25
0.44 0.24
0.29 0.25
0.17 0.22
0.22 0.14
0.18 0.23
0.39 0.19
0.47 0.27
0.16 0.12
0.50 0.14
0.35 0.09
0.16 0.25
0.19 0.13
0.46 0.19
0.16 0.25
0.08 0.20
0.20 0.26
0.33 0.30
0.21 0.30
0.37 0.23
0.23 0.13
0.53 0.21
0.07 0.16
0.24 0.21
0.40 0.18
0.41 0.25
0.26 0.22
0.20 0.20
0.21 0.13
0.18 0.25
0.13 0.21
0.35 0.23
0.29 0.17
0.49 0.25
0.41 0.18
0.51 0.21
0.44 0.16
0.20 0.29
0.18 0.11
0.41 0.09
0.23 0.20
0.42 0.11
0.35 0.10
0.19 0.22
0.41 0.18
0.12 0.28
0.29 0.27
0.38 0.21
0.37 0.19
0.27 0.30
0.53 0.24
0.52 0.24
0.44 0.21
0.22 0.13
0.13 0.13
0.26 0.20
0.16 0.11
0.39 0.19
0.32 0.20
0.25 0.29
0.29 0.10
0.51 0.16
0.46 0.14
0.37 0.24
0.35 0.11
0.15 0.28
0.13 0.12
0.36 0.17
0.12 0.23
0.44 0.28
0.24 0.27
0.54 0.17
0.25 0.12
0.26 0.27
0.20 0.28
0.25 0.09
0.42 0.11
0.53 0.20
0.24 0.27
0.26 0.17
0.40 0.12
0.40 0.16
0.42 0.13
0.38 0.09
0.39 0.30
0.20 0.12
0.19 0.09
0.37 0.11
0.44 0.18
0.37 0.20
0.24 0.13
0.41 0.18
0.33 0.20
0.11 0.22
0.17 0.13
0.26 0.20
0.08 0.17
0.35 0.24
0.12 0.18
0.30 0.14
0.46 0.21
0.16 0.22
0.34 0.26
0.40 0.24
0.30 0.08
0.08 0.24
0.49 0.14
0.47 0.25
0.43 0.26
0.39 0.23
0.37 0.16
0.41 0.18
0.27 0.19
0.42 0.20
0.25 0.17
0.20 0.24
0.14 0.12
0.08 0.20
0.32 0.12
0.52 0.22
0.25 0.24
0.41 0.23
0.34 0.25
0.31 0.16
0.38 0.31
0.47 0.13
0.43 0.28
0.34 0.09
0.46 0.21
0.22 0.12
0.33 0.12
0.47 0.26
0.48 0.15
0.31 0.13
0.26 0.12
0.48 0.27
0.21 0.09
0.25 0.20
0.10 0.15
0.14 0.13
0.37 0.16
0.31 0.10
0.25 0.24
0.25 0.11
0.17 0.30
0.25 0.22
0.36 0.15
0.12 0.15
0.35 0.30
0.08 0.22
0.15 0.11
0.48 0.22
0.29 0.21
0.44 0.25
0.25 0.26
0.24 0.15
0.43 0.16
0.13 0.26
0.18 0.23
0.30 0.10
0.46 0.12
0.25 0.30
0.14 0.17
0.10 0.20
0.26 0.17
0.34 0.26
0.27 0.20
0.26 0.24
0.55 0.21
0.31 0.22
0.11 0.19
0.08 0.26
0.37 0.28
0.18 0.12
0.34 0.14
0.16 0.25
0.20 0.27
0.32 0.29
0.44 0.21
0.23 0.18
0.52 0.18
0.24 0.15
0.33 0.09
0.22 0.14
0.17 0.29
0.47 0.26
0.41 0.18
0.42 0.27
0.31 0.22
0.25 0.28
0.50 0.23
0.25 0.21
0.44 0.22
0.36 0.24
0.42 0.18
0.06 0.18
0.19 0.21
0.49 0.21
0.20 0.30
0.40 0.25
0.35 0.29
0.11 0.14
0.12 0.16
0.34 0.22
0.23 0.31
0.32 0.28
0.29 0.26
0.13 0.28
0.45 0.24
0.41 0.25
0.15 0.24
0.28 0.16
0.48 0.25
0.23 0.27
0.44 0.15
0.21 0.29
0.12 0.15
0.54 0.17
0.53 0.46
0.87 0.40
0.47 0.43
0.68 0.37
0.81 0.47
0.73 0.40
0.70 0.38
0.90 0.34
0.89 0.43
0.63 0.45
0.69 0.29
0.61 0.34
0.83 0.49
0.66 0.47
0.77 0.43
0.55 0.39
0.72 0.35
0.48 0.43
0.56 0.39
0.62 0.46
0.78 0.43
0.53 0.48
0.80 0.42
0.75 0.29
0.89 0.42
0.63 0.39
0.62 0.29
0.68 0.47
0.52 0.41
0.65 0.37
0.76 0.39
0.74 0.49
0.53 0.36
0.79 0.37
0.78 0.49
0.66 0.31
0.75 0.40
0.55 0.49
0.63 0.39
0.80 0.40
0.88 0.48
0.62 0.37
0.84 0.31
0.54 0.32
0.70 0.36
0.67 0.36
0.53 0.47
0.56 0.39
0.61 0.49
0.53 0.44
0.62 0.35
0.67 0.36
0.81 0.30
0.88 0.45
0.81 0.41
0.62 0.46
0.94 0.42
0.73 0.44
0.59 0.39
0.83 0.40
0.72 0.30
0.47 0.39
0.58 0.36
0.78 0.47
0.62 0.30
0.71 0.40
0.55 0.33
0.93 0.41
0.89 0.34
0.47 0.42
0.63 0.39
0.83 0.36
0.46 0.43
0.91 0.42
0.78 0.37
0.79 0.29
0.74 0.32
0.61 0.50
0.50 0.41
0.79 0.44
0.75 0.45
0.64 0.33
0.81 0.44
0.68 0.30
0.54 0.42
0.72 0.33
0.76 0.44
0.69 0.46
0.86 0.45
0.75 0.31
0.63 0.49
0.65 0.44
0.48 0.37
0.70 0.40
0.86 0.49
0.90 0.42
0.94 0.40
0.84 0.33
0.74 0.36
0.86 0.48
0.78 0.48
0.65 0.41
0.94 0.43
0.54 0.48
0.58 0.37
0.73 0.37
0.72 0.33
0.55 0.40
0.50 0.33
0.68 0.35
0.62 0.45
0.86 0.35
0.60 0.46
0.93 0.40
0.79 0.30
0.51 0.45
0.55 0.32
0.65 0.43
0.79 0.42
0.51 0.40
0.76 0.40
0.77 0.46
0.76 0.47
0.61 0.34
0.78 0.47
0.89 0.37
0.68 0.30
0.76 0.31
0.86 0.34
0.61 0.49
0.47 0.36
0.68 0.40
0.50 0.39
0.76 0.34
0.79 0.34
0.70 0.43
0.66 0.44
0.66 0.30
0.65 0.40
0.93 0.38
0.65 0.43
0.49 0.34
0.61 0.35
0.89 0.37
0.82 0.34
0.87 0.46
0.63 0.47
0.47 0.41
0.69 0.40
0.70 0.33
0.51 0.41
0.93 0.36
0.83 0.36
0.79 0.36
0.59 0.48
0.55 0.31
0.80 0.48
0.77 0.50
0.64 0.29
0.90 0.42
0.68 0.40
0.80 0.31
0.94 0.37
0.62 0.44
0.92 0.34
0.81 0.39
0.55 0.48
0.85 0.41
0.55 0.32
0.48 0.42
0.61 0.45
0.90 0.36
0.61 0.38
0.82 0.31
0.70 0.42
0.69 0.49
0.59 0.50
0.62 0.49
0.68 0.43
0.68 0.33
0.65 0.43
0.59 0.45
0.67 0.42
0.54 0.32
0.63 0.34
0.60 0.31
0.50 0.44
0.63 0.48
0.67 0.42
0.69 0.50
0.91 0.45
0.88 0.47
0.52 0.47
0.51 0.42
0.55 0.31
0.69 0.36
0.86 0.31
0.49 0.43
0.79 0.49
0.87 0.36
0.52 0.36
0.51 0.44
0.54 0.43
0.65 0.45
0.66 0.52
0.56 0.37
0.67 0.33
0.56 0.39
0.89 0.44
0.56 0.33
0.60 0.47
0.59 0.29
0.68 0.48
0.89 0.41
0.58 0.33
0.78 0.44
0.51 0.41
0.80 0.49
0.49 0.35
0.88 0.32
0.53 0.45
0.52 0.35
0.69 0.40
0.64 0.50
0.73 0.33
0.92 0.36
0.63 0.36
0.67 0.43
0.50 0.36
0.55 0.50
0.50 0.33
0.76 0.36
0.66 0.45
0.76 0.31
0.71 0.31
0.81 0.32
0.80 0.51
0.61 0.43
0.82 0.30
0.68 0.40
0.78 0.44
0.77 0.51
0.72 0.46
0.59 0.37
0.69 0.33
0.50 0.38
0.60 0.40
0.82 0.40
0.63 0.51
0.78 0.50
0.63 0.50
0.92 0.40
0.91 0.45
0.67 0.30
0.64 0.42
0.66 0.51
0.58 0.30
0.73 0.46
0.80 0.33
0.64 0.34
0.69 0.43
0.63 0.44
0.65 0.33
0.63 0.43
0.73 0.35
0.88 0.37
0.70 0.47
0.68 0.37
0.58 0.41
0.53 0.44
0.83 0.30
0.65 0.39
0.91 0.36
0.59 0.43
0.67 0.36
0.72 0.47
0.71 0.42
0.52 0.48
0.72 0.38
0.91 0.39
0.87 0.32
0.69 0.29
0.54 0.38
0.66 0.34
0.59 0.38
0.59 0.47
0.85 0.32
0.53 0.33
0.58 0.32
0.80 0.31
0.84 0.37
0.57 0.50
0.71 0.39
0.58 0.36
0.82 0.50
0.81 0.38
0.89 0.46
0.66 0.33
0.92 0.40
0.88 0.41
0.74 0.49
0.66 0.51
0.57 0.42
0.50 0.43
0.71 0.46
0.59 0.42
0.93 0.44
0.74 0.44
0.67 0.46
0.83 0.36
0.65 0.31
0.62 0.38
0.75 0.35
0.49 0.34
0.57 0.31
0.82 0.46
0.66 0.31
0.57 0.42
0.59 0.31
0.68 0.43
0.64 0.41
0.62 0.37
0.76 0.30
0.69 0.46
0.59 0.50
0.83 0.37
0.75 0.41
0.65 0.43
0.72 0.34
0.66 0.44
0.48 0.43
0.86 0.35
0.61 0.45
0.93 0.40
0.76 0.45
0.52 0.34
0.77 0.47
0.51 0.38
0.68 0.40
0.70 0.40
0.79 0.33
0.69 0.30
0.55 0.35
0.88 0.41
0.77 0.36
0.73 0.43
0.62 0.32
0.89 0.42
0.82 0.34
0.50 0.35
0.64 0.42
0.65 0.31
0.62 0.43
0.72 0.34
0.78 0.30
0.52 0.41
0.81 0.34
0.58 0.34
0.68 0.49
0.69 0.48
0.65 0.47
0.81 0.41
0.80 0.31
0.68 0.47
0.67 0.36
0.59 0.37
0.73 0.50
0.47 0.43
0.59 0.31
0.73 0.40
0.55 0.48
0.79 0.47
0.64 0.33
0.77 0.45
0.90 0.42
0.48 0.55
0.13 0.59
0.26 0.64
0.23 0.53
0.25 0.62
0.50 0.65
0.16 0.66
0.27 0.65
0.30 0.56
0.49 0.62
0.13 0.61
0.39 0.69
0.16 0.64
0.30 0.54
0.43 0.53
0.44 0.55
0.19 0.66
0.24 0.69
0.14 0.54
0.14 0.59
0.49 0.65
0.48 0.61
0.14 0.62
0.49 0.60
0.11 0.56
0.24 0.61
0.36 0.49
0.29 0.57
0.29 0.56
0.08 0.56
0.11 0.63
0.47 0.69
0.40 0.50
0.34 0.57
0.37 0.51
0.30 0.54
0.37 0.61
0.20 0.66
0.41 0.56
0.24 0.58
0.45 0.67
0.23 0.67
0.22 0.50
0.48 0.58
0.33 0.52
0.34 0.64
0.52 0.59
0.20 0.57
0.27 0.65
0.14 0.60
0.53 0.58
0.45 0.52
0.42 0.58
0.40 0.53
0.24 0.64
0.37 0.57
0.42 0.65
0.27 0.62
0.22 0.53
0.21 0.64
0.21 0.60
0.16 0.53
0.34 0.54
0.15 0.52
0.31 0.50
0.25 0.54
0.47 0.65
0.25 0.55
0.49 0.54
0.54 0.60
0.21 0.71
0.20 0.60
0.18 0.64
0.38 0.63
0.51 0.56
0.53 0.63
0.09 0.62
0.39 0.64
0.27 0.65
0.18 0.63
0.40 0.54
0.50 0.66
0.37 0.63
0.51 0.55
0.34 0.66
0.30 0.54
0.27 0.69
0.45 0.60
0.46 0.61
0.33 0.62
0.46 0.63
0.32 0.68
0.13 0.54
0.26 0.53
0.44 0.54
0.43 0.60
0.25 0.57
0.30 0.50
0.40 0.50
0.32 0.70
0.45 0.53
0.45 0.59
0.38 0.58
0.17 0.52
0.45 0.52
0.29 0.59
0.17 0.65
0.16 0.51
0.34 0.67
0.43 0.65
0.29 0.66
0.40 0.64
0.32 0.57
0.47 0.57
0.22 0.69
0.42 0.66
0.36 0.71
0.50 0.58
0.31 0.52
0.51 0.60
0.09 0.59
0.24 0.49
0.19 0.50
0.22 0.62
0.21 0.50
0.36 0.54
0.10 0.61
0.47 0.51
0.35 0.56
0.49 0.56
0.32 0.70
0.21 0.70
0.39 0.65
0.23 0.60
0.22 0.49
0.24 0.63
0.35 0.55
0.42 0.69
0.52 0.60
0.27 0.56
0.24 0.62
0.38 0.57
0.05 0.59
0.30 0.55
0.47 0.58
0.47 0.52
0.48 0.58
0.49 0.53
0.13 0.67
0.52 0.65
0.47 0.65
0.06 0.64
0.06 0.62
0.34 0.59
0.22 0.51
0.45 0.63
0.37 0.64
0.48 0.63
0.43 0.68
0.31 0.69
0.37 0.71
0.14 0.56
0.34 0.54
0.08 0.61
0.18 0.63
0.49 0.56
0.34 0.68
0.47 0.66
0.34 0.49
0.14 0.56
0.11 0.66
0.22 0.60
0.39 0.66
0.36 0.69
0.52 0.64
0.43 0.55
0.37 0.67
0.46 0.69
0.27 0.58
0.06 0.64
0.29 0.69
0.38 0.66
0.19 0.54
0.43 0.64
0.48 0.63
0.46 0.57
0.31 0.58
0.42 0.54
0.37 0.56
0.25 0.49
0.13 0.67
0.07 0.60
0.22 0.65
0.18 0.58
0.26 0.68
0.36 0.61
0.19 0.58
0.18 0.63
0.52 0.64
0.12 0.66
0.22 0.52
0.47 0.64
0.11 0.62
0.49 0.61
0.44 0.61
0.41 0.60
0.33 0.65
0.52 0.63
0.43 0.54
0.25 0.72
0.52 0.65
0.10 0.66
0.54 0.59
0.29 0.57
0.47 0.64
0.53 0.60
0.18 0.69
0.21 0.62
0.28 0.64
0.26 0.63
0.18 0.50
0.11 0.63
0.17 0.56
0.35 0.57
0.19 0.62
0.17 0.54
0.24 0.67
0.15 0.53
0.15 0.51
0.48 0.54
0.15 0.52
0.16 0.57
0.40 0.65
0.43 0.69
0.42 0.52
0.42 0.58
0.40 0.71
0.33 0.66
0.37 0.59
0.33 0.60
0.41 0.68
0.28 0.66
0.19 0.54
0.41 0.49
0.31 0.63
0.12 0.54
0.34 0.48
0.18 0.69
0.19 0.55
0.23 0.65
0.22 0.52
0.38 0.65
0.17 0.61
0.14 0.64
0.53 0.57
0.30 0.70
0.49 0.59
0.20 0.53
0.34 0.51
0.48 0.67
0.44 0.52
0.29 0.64
0.09 0.66
0.36 0.63
0.21 0.49
0.23 0.68
0.10 0.55
0.17 0.64
0.21 0.55
0.15 0.59
0.32 0.53
0.34 0.70
0.18 0.63
0.37 0.58
0.24 0.54
0.18 0.56
0.35 0.55
0.20 0.51
0.38 0.65
0.20 0.54
0.41 0.62
0.22 0.50
0.20 0.62
0.13 0.62
0.22 0.64
0.38 0.50
0.16 0.53
0.36 0.70
0.36 0.66
0.39 0.64
0.27 0.70
0.24 0.68
0.13 0.64
0.42 0.60
0.29 0.54
0.46 0.66
0.37 0.58
0.14 0.66
0.15 0.66
0.18 0.53
0.42 0.69
0.44 0.63
0.08 0.60
0.28 0.64
0.10 0.63
0.22 0.58
0.25 0.54
0.41 0.65
0.39 0.67
0.27 0.52
0.33 0.60
0.29 0.67
0.18 0.62
0.41 0.58
0.21 0.60
0.10 0.56
0.34 0.64
0.20 0.49
0.23 0.67
0.44 0.61
0.06 0.59
0.32 0.65
0.41 0.60
0.53 0.65
0.19 0.60
0.30 0.70
0.40 0.55
0.10 0.67
0.29 0.68
0.53 0.63
0.21 0.50
0.25 0.52
0.10 0.54
0.22 0.60
0.39 0.55
0.43 0.67
0.42 0.58
0.06 0.58
0.06 0.60
0.39 0.59
0.21 0.49
0.23 0.59
0.41 0.58
0.30 0.68
0.41 0.55
0.37 0.51
0.24 0.55
0.26 0.58
0.47 0.55
0.07 0.62
0.28 0.53
0.16 0.63
0.11 0.66
0.26 0.56
0.23 0.49
0.43 0.55
0.36 0.55
0.21 0.49
0.28 0.54
0.54 0.58
0.38 0.65
0.36 0.58
0.14 0.61
0.42 0.57
0.46 0.63
0.19 0.50
0.27 0.56
0.46 0.63
0.48 0.67
0.44 0.66
0.20 0.63
0.05 0.60
0.12 0.61
0.09 0.67
0.55 0.60
0.50 0.83
0.51 0.84
0.50 0.84
0.77 0.73
0.91 0.79
0.79 0.76
0.56 0.80
0.56 0.74
0.89 0.85
0.78 0.90
0.52 0.87
0.78 0.77
0.60 0.89
0.80 0.75
0.63 0.84
0.56 0.79
0.81 0.84
0.84 0.82
0.82 0.80
0.57 0.88
0.82 0.70
0.74 0.76
0.54 0.84
0.77 0.73
0.71 0.76
0.51 0.86
0.47 0.84
0.65 0.72
0.77 0.74
0.51 0.75
0.52 0.84
0.82 0.78
0.61 0.82
0.80 0.89
0.61 0.70
0.79 0.71
0.53 0.74
0.47 0.78
0.60 0.83
0.86 0.88
0.79 0.90
0.73 0.91
0.54 0.86
0.77 0.83
0.67 0.86
0.85 0.75
0.51 0.88
0.83 0.71
0.55 0.81
0.92 0.76
0.85 0.76
0.83 0.75
0.83 0.73
0.88 0.83
0.59 0.74
0.58 0.79
0.88 0.82
0.77 0.71
0.92 0.84
0.62 0.76
0.58 0.83
0.52 0.76
0.60 0.76
0.66 0.81
0.90 0.75
0.66 0.79
0.82 0.90
0.77 0.77
0.83 0.80
0.70 0.74
0.52 0.83
0.75 0.81
0.94 0.82
0.71 0.70
0.84 0.85
0.82 0.72
0.78 0.74
0.65 0.83
0.77 0.82
0.48 0.83
0.69 0.75
0.68 0.78
0.75 0.77
0.89 0.76
0.71 0.88
0.56 0.73
0.58 0.83
0.58 0.81
0.78 0.75
0.84 0.77
0.62 0.74
0.81 0.74
0.83 0.88
0.92 0.83
0.46 0.81
0.65 0.88
0.79 0.91
0.70 0.87
0.62 0.74
0.58 0.90
0.66 0.74
0.65 0.72
0.59 0.90
0.56 0.86
0.70 0.84
0.55 0.80
0.70 0.83
0.75 0.80
0.88 0.72
0.68 0.75
0.69 0.91
0.84 0.71
0.72 0.73
0.88 0.80
0.48 0.82
0.61 0.78
0.85 0.89
0.70 0.85
0.76 0.88
0.63 0.76
0.68 0.83
0.87 0.85
0.73 0.83
0.64 0.72
0.56 0.70
0.57 0.79
0.67 0.81
0.49 0.76
0.62 0.76
0.65 0.72
0.55 0.78
0.55 0.88
0.54 0.84
0.51 0.72
0.84 0.72
0.89 0.86
0.83 0.90
0.57 0.83
0.52 0.87
0.70 0.84
0.66 0.82
0.82 0.70
0.81 0.84
0.55 0.82
0.57 0.70
0.52 0.88
0.73 0.69
0.69 0.91
0.63 0.75
0.63 0.83
0.90 0.82
0.61 0.90
0.77 0.83
0.83 0.89
0.61 0.75
0.84 0.77
0.65 0.91
0.86 0.76
0.84 0.74
0.61 0.72
0.73 0.83
0.49 0.80
0.68 0.80
0.73 0.92
0.78 0.72
0.67 0.73
0.91 0.81
0.83 0.75
0.69 0.88
0.84 0.79
0.72 0.74
0.67 0.87
0.66 0.79
0.76 0.81
0.67 0.80
0.52 0.80
0.63 0.79
0.73 0.76
0.51 0.82
0.85 0.80
0.54 0.85
0.55 0.76
0.89 0.82
0.68 0.75
0.79 0.88
0.55 0.89
0.92 0.81
0.53 0.74
0.81 0.70
0.81 0.82
0.47 0.78
0.93 0.75
0.52 0.88
0.64 0.69
0.83 0.70
0.75 0.91
0.77 0.82
0.89 0.87
0.89 0.78
0.64 0.91
0.73 0.81
0.82 0.70
0.65 0.79
0.67 0.77
0.81 0.86
0.53 0.86
0.70 0.72
0.82 0.80
0.75 0.85
0.85 0.81
0.60 0.86
0.50 0.78
0.60 0.91
0.60 0.84
0.91 0.85
0.57 0.82
0.90 0.79
0.63 0.86
0.76 0.77
0.68 0.87
0.80 0.75
0.62 0.76
0.89 0.82
0.93 0.80
0.60 0.88
0.69 0.75
0.57 0.84
0.69 0.83
0.69 0.85
0.77 0.78
0.82 0.78
0.59 0.89
0.61 0.75
0.68 0.77
0.48 0.80
0.77 0.71
0.70 0.85
0.76 0.78
0.62 0.85
0.59 0.71
0.58 0.83
0.67 0.79
0.84 0.85
0.51 0.83
0.73 0.84
0.68 0.83
0.57 0.80
0.65 0.69
0.80 0.71
0.85 0.76
0.80 0.73
0.51 0.77
0.65 0.90
0.77 0.80
0.74 0.75
0.59 0.82
0.50 0.79
0.75 0.87
0.80 0.70
0.51 0.73
0.71 0.76
0.89 0.75
0.66 0.79
0.54 0.76
0.62 0.88
0.71 0.78
0.72 0.79
0.92 0.79
0.62 0.88
0.60 0.78
0.88 0.73
0.67 0.78
0.70 0.75
0.88 0.76
0.75 0.91
0.62 0.70
0.49 0.84
0.78 0.70
0.90 0.85
0.61 0.90
0.88 0.85
0.94 0.80
0.92 0.78
0.90 0.77
0.68 0.92
0.67 0.87
0.93 0.77
0.75 0.71
0.69 0.79
0.90 0.77
0.46 0.83
0.64 0.86
0.52 0.78
0.80 0.75
0.65 0.76
0.63 0.86
0.90 0.85
0.76 0.82
0.57 0.76
0.58 0.90
0.90 0.81
0.81 0.81
0.84 0.80
0.68 0.84
0.65 0.91
0.63 0.78
0.62 0.80
0.63 0.82
0.52 0.80
0.79 0.85
0.82 0.80
0.65 0.78
0.52 0.72
0.61 0.87
0.61 0.70
0.58 0.78
0.52 0.72
0.77 0.77
0.89 0.81
0.64 0.78
0.86 0.87
0.72 0.72
0.61 0.75
0.71 0.74
0.47 0.76
0.60 0.70
0.64 0.74
0.66 0.86
0.91 0.75
0.83 0.70
0.85 0.80
0.77 0.78
0.79 0.85
0.85 0.88
0.66 0.71
0.88 0.72
0.80 0.84
0.82 0.79
0.73 0.68
0.63 0.79
0.57 0.80
0.53 0.77
0.57 0.83
0.61 0.81
0.84 0.72
0.71 0.77
0.88 0.83
0.90 0.73
0.76 0.82
0.85 0.75
0.77 0.90
0.49 0.86
0.86 0.75
0.72 0.82
0.78 0.90
0.82 0.86
0.59 0.84
0.90 0.81
0.63 0.77
0.80 0.89
0.66 0.72
0.83 0.90
0.62 0.73
0.90 0.82
0.80 0.89
0.76 0.75
0.53 0.88
0.79 0.73
0.68 0.91
0.69 0.72
0.54 0.80
0.48 0.74
0.75 0.88
0.51 0.86
0.60 0.74
