(array([[0.21419987, 0.39241353],
       [0.23027186, 0.22149953],
       [0.24581083, 0.34155762],
       [0.17062138, 0.15208695],
       [0.05690269, 0.29760123],
       [0.44913036, 0.24069953],
       [0.33843791, 0.29342532],
       [0.29365708, 0.18299179],
       [0.38449987, 0.17324081],
       [0.13856896, 0.08730431],
       [0.3833027 , 0.31032065],
       [0.26044106, 0.22116622],
       [0.26338863, 0.08660008],
       [0.18078095, 0.11645292],
       [0.37640664, 0.15217222],
       [0.18318258, 0.2523308 ],
       [0.30317447, 0.15232586],
       [0.24761082, 0.43728954],
       [0.25241295, 0.30663812],
       [0.26380476, 0.13867153],
       [0.24991926, 0.12198031],
       [0.14149991, 0.23369298],
       [0.19724596, 0.18164974],
       [0.34315265, 0.14115709],
       [0.0567606 , 0.22556544],
       [0.29824533, 0.22993481],
       [0.058132  , 0.28131174],
       [0.37704154, 0.19267225],
       [0.2464572 , 0.35066876],
       [0.17427146, 0.10142553],
       [0.32798589, 0.10384741],
       [0.12447971, 0.31885787],
       [0.27168657, 0.34246607],
       [0.13938601, 0.30058338],
       [0.12463635, 0.13223014],
       [0.14571005, 0.34773937],
       [0.13316006, 0.35661286],
       [0.13949455, 0.10971202],
       [0.1334497 , 0.36918373],
       [0.22413543, 0.10841288],
       [0.05756858, 0.21482915],
       [0.2078219 , 0.1448695 ],
       [0.21494597, 0.30960499],
       [0.21580579, 0.23822081],
       [0.17165506, 0.31336743],
       [0.13296352, 0.11657002],
       [0.21400566, 0.2635371 ],
       [0.25726982, 0.23532266],
       [0.33312687, 0.1362044 ],
       [0.29559362, 0.15776637],
       [0.30008228, 0.19490571],
       [0.36185812, 0.30545704],
       [0.34917627, 0.08638734],
       [0.17221074, 0.20884423],
       [0.33612677, 0.35785326],
       [0.37852457, 0.22777895],
       [0.25686024, 0.12679194],
       [0.27108707, 0.07689205],
       [0.37792048, 0.15985534],
       [0.13406263, 0.26566874],
       [0.35779193, 0.32926002],
       [0.26085996, 0.11055289],
       [0.31677339, 0.3860392 ],
       [0.15196459, 0.25984635],
       [0.26983627, 0.31192808],
       [0.38484542, 0.356706  ],
       [0.28670584, 0.30681227],
       [0.39261537, 0.26922115],
       [0.0984657 , 0.18291032],
       [0.27751941, 0.0779103 ],
       [0.08089477, 0.23137083],
       [0.15987812, 0.18643185],
       [0.26043802, 0.32666483],
       [0.11320313, 0.15364344],
       [0.18052293, 0.27600278],
       [0.27652492, 0.40243514],
       [0.35008609, 0.37628136],
       [0.18014724, 0.29130437],
       [0.22938086, 0.14469559],
       [0.21835139, 0.37480394],
       [0.34151089, 0.09389608],
       [0.37795715, 0.3705392 ],
       [0.33510907, 0.31029608],
       [0.08188535, 0.28893208],
       [0.30610191, 0.22613754],
       [0.30285876, 0.2653267 ],
       [0.06851556, 0.30541217],
       [0.0928741 , 0.15245573],
       [0.17662327, 0.25876741],
       [0.42346018, 0.26916842],
       [0.14586163, 0.39228144],
       [0.18803467, 0.37923618],
       [0.07334465, 0.26822199],
       [0.37404908, 0.30177052],
       [0.32902946, 0.40125217],
       [0.4053601 , 0.25490128],
       [0.20420694, 0.2028322 ],
       [0.16235029, 0.18956685],
       [0.14870293, 0.38191821],
       [0.13772193, 0.34346904],
       [0.27343291, 0.21538133],
       [0.34833458, 0.14250172],
       [0.14081481, 0.13311349],
       [0.20163394, 0.20406902],
       [0.22810373, 0.37948825],
       [0.27886373, 0.31066619],
       [0.22174959, 0.20520907],
       [0.3405424 , 0.3437762 ],
       [0.35749503, 0.14460302],
       [0.41997005, 0.34056032],
       [0.13141625, 0.14619046],
       [0.15341101, 0.34923047],
       [0.17472215, 0.36410028],
       [0.30268298, 0.36365347],
       [0.3511183 , 0.11765979],
       [0.11190918, 0.39032435],
       [0.24785638, 0.3466365 ],
       [0.23590888, 0.2248052 ],
       [0.17402855, 0.24949099],
       [0.19497627, 0.07237299],
       [0.26679712, 0.09216878],
       [0.32044087, 0.11060771],
       [0.27346458, 0.40454386],
       [0.29902028, 0.22976014],
       [0.18410825, 0.23650881],
       [0.34891347, 0.09105054],
       [0.41632859, 0.30081529],
       [0.2147547 , 0.2452163 ],
       [0.26071899, 0.31203756],
       [0.2803188 , 0.15362073],
       [0.30370055, 0.07777289],
       [0.38305763, 0.11768239],
       [0.33535516, 0.24900243],
       [0.2184573 , 0.13653218],
       [0.27397076, 0.4259741 ],
       [0.10990519, 0.11931212],
       [0.13636874, 0.3716322 ],
       [0.30476807, 0.41216684],
       [0.21919487, 0.13877378],
       [0.08034401, 0.17284691],
       [0.38646172, 0.3149477 ],
       [0.28818117, 0.38285004],
       [0.16276864, 0.31460596],
       [0.18731013, 0.37651226],
       [0.37455897, 0.36396775],
       [0.24002418, 0.21192617],
       [0.38680407, 0.23393095],
       [0.11022392, 0.17962341],
       [0.37198135, 0.33980104],
       [0.11092202, 0.32744019],
       [0.28458247, 0.31575723],
       [0.24648084, 0.2618226 ],
       [0.12763012, 0.22419863],
       [0.42108628, 0.3205438 ],
       [0.32308401, 0.26710957],
       [0.11800189, 0.29007056],
       [0.23873966, 0.27455548],
       [0.30053251, 0.33747543],
       [0.36385568, 0.31316378],
       [0.24239789, 0.32962045],
       [0.14586843, 0.28435682],
       [0.18945283, 0.14598007],
       [0.15522849, 0.30654223],
       [0.31921698, 0.23379946],
       [0.38890888, 0.36982031],
       [0.13957425, 0.11075451],
       [0.4102456 , 0.15634722],
       [0.28666813, 0.07492695],
       [0.14100627, 0.32899681],
       [0.15858925, 0.13114976],
       [0.37558143, 0.22712061],
       [0.13925267, 0.33496484],
       [0.07416843, 0.25109727],
       [0.17163133, 0.35220273],
       [0.27581972, 0.41946867],
       [0.18110059, 0.41046281],
       [0.30417062, 0.29299306],
       [0.19391066, 0.1385186 ],
       [0.43305697, 0.26746201],
       [0.06967628, 0.18969661],
       [0.20044754, 0.27163987],
       [0.33027825, 0.22036331],
       [0.34107136, 0.338479  ],
       [0.22187879, 0.28807026],
       [0.16800989, 0.2526968 ],
       [0.17468767, 0.12549003],
       [0.15033011, 0.33572503],
       [0.11441456, 0.27166988],
       [0.28667133, 0.29560848],
       [0.24483441, 0.1917865 ],
       [0.401417  , 0.32902464],
       [0.33634168, 0.2156638 ],
       [0.4207556 , 0.26059275],
       [0.36437679, 0.18358946],
       [0.16945222, 0.39951816],
       [0.15143636, 0.09688045],
       [0.33423707, 0.07329552],
       [0.1923502 , 0.24822768],
       [0.34529081, 0.1074666 ],
       [0.29118548, 0.07812793],
       [0.16102874, 0.28275998],
       [0.33620005, 0.20987739],
       [0.10419667, 0.38526977],
       [0.23927878, 0.36869656],
       [0.31383458, 0.27418729],
       [0.30857617, 0.23094553],
       [0.22321205, 0.41541892],
       [0.43292245, 0.32179527],
       [0.42571575, 0.32322551],
       [0.35976715, 0.26749414],
       [0.18645905, 0.13340152],
       [0.11100469, 0.12767544],
       [0.21558248, 0.2548089 ],
       [0.13828981, 0.09254334],
       [0.32024405, 0.24008531],
       [0.26414085, 0.24610702],
       [0.21246814, 0.40717981],
       [0.24194449, 0.08396489],
       [0.4213211 , 0.18829962],
       [0.37944183, 0.15436215],
       [0.30423058, 0.32221313],
       [0.28610978, 0.09749456],
       [0.13102808, 0.3832936 ],
       [0.11213584, 0.11493058],
       [0.29837838, 0.20247779],
       [0.10469212, 0.29392264],
       [0.36096258, 0.38327858],
       [0.2017241 , 0.36738001],
       [0.43936752, 0.20816787],
       [0.21248396, 0.11484372],
       [0.21519998, 0.36815409],
       [0.17346416, 0.38521748],
       [0.20891969, 0.06240858],
       [0.34572863, 0.09465425],
       [0.43563699, 0.25607813],
       [0.19824825, 0.35994721],
       [0.2150649 , 0.19731369],
       [0.33327789, 0.11497723],
       [0.32659594, 0.17899857],
       [0.34237003, 0.14063743],
       [0.31320723, 0.06299485],
       [0.32004215, 0.41450337],
       [0.17055059, 0.11241282],
       [0.16036488, 0.07231857],
       [0.3096546 , 0.10365396],
       [0.36493966, 0.22241441],
       [0.30820327, 0.25061866],
       [0.1991637 , 0.12545718],
       [0.33911311, 0.21653245],
       [0.27744785, 0.24235034],
       [0.09431152, 0.27819622],
       [0.14503638, 0.1346506 ],
       [0.22011315, 0.2507367 ],
       [0.07345933, 0.19363335],
       [0.29201595, 0.31504424],
       [0.10870776, 0.21459286],
       [0.25040571, 0.14583527],
       [0.3771644 , 0.27492141],
       [0.13594905, 0.28673788],
       [0.28591922, 0.34977768],
       [0.32709908, 0.31924611],
       [0.25106793, 0.05818089],
       [0.07688319, 0.31741345],
       [0.39811743, 0.14786412],
       [0.38707925, 0.33026808],
       [0.35566563, 0.35748403],
       [0.32053271, 0.29605417],
       [0.30846414, 0.18225552],
       [0.33458314, 0.22282127],
       [0.22248744, 0.23060733],
       [0.34367211, 0.24694018],
       [0.21171736, 0.20253729],
       [0.16621492, 0.32096228],
       [0.12484712, 0.11971428],
       [0.07450001, 0.25610549],
       [0.26279069, 0.11605026],
       [0.42307643, 0.29025016],
       [0.20918861, 0.31233224],
       [0.3341347 , 0.30751867],
       [0.28345177, 0.33160092],
       [0.25479958, 0.18867226],
       [0.31519828, 0.43278987],
       [0.38525522, 0.12983497],
       [0.3573107 , 0.3769494 ],
       [0.27911058, 0.06572397],
       [0.3752624 , 0.26568227],
       [0.1898499 , 0.11865395],
       [0.27137196, 0.12273104],
       [0.38939917, 0.34294459],
       [0.3951456 , 0.17365295],
       [0.25973509, 0.13973336],
       [0.21950036, 0.11674231],
       [0.39692669, 0.37194617],
       [0.17663832, 0.06611999],
       [0.20862165, 0.24592712],
       [0.08800971, 0.162413  ],
       [0.12216004, 0.1268733 ],
       [0.30589442, 0.19018859],
       [0.25571193, 0.07940401],
       [0.20750376, 0.31514835],
       [0.20658185, 0.09518432],
       [0.14736126, 0.41330983],
       [0.21361344, 0.2864563 ],
       [0.29744406, 0.16704532],
       [0.10937509, 0.16841993],
       [0.29286955, 0.41036836],
       [0.07502643, 0.28049537],
       [0.12635967, 0.0980334 ],
       [0.39732916, 0.27639778],
       [0.24464885, 0.25863568],
       [0.35948439, 0.33498153],
       [0.21001082, 0.35554839],
       [0.20184036, 0.16808826],
       [0.35671917, 0.18129879],
       [0.11363362, 0.35575659],
       [0.15764863, 0.29873606],
       [0.24744373, 0.08654577],
       [0.38057111, 0.12253959],
       [0.20976604, 0.42430393],
       [0.1240531 , 0.19381177],
       [0.08642267, 0.24768943],
       [0.21588148, 0.20753018],
       [0.28386515, 0.34487871],
       [0.22555502, 0.25055644],
       [0.22145668, 0.31244576],
       [0.44881447, 0.25859213],
       [0.25413415, 0.28452789],
       [0.09652177, 0.23205191],
       [0.0772583 , 0.34227085],
       [0.30254465, 0.38280527],
       [0.15349185, 0.11676252],
       [0.28575648, 0.15175226],
       [0.13926689, 0.33679261],
       [0.17102765, 0.36609489],
       [0.26629043, 0.39528474],
       [0.36062654, 0.25986987],
       [0.19032152, 0.2195124 ],
       [0.42894672, 0.21343746],
       [0.1995279 , 0.1605361 ],
       [0.2729686 , 0.05842839],
       [0.18370457, 0.15745157],
       [0.14532236, 0.40483952],
       [0.38310575, 0.3540258 ],
       [0.33480577, 0.21998446],
       [0.34974462, 0.36974674],
       [0.256083  , 0.27767299],
       [0.21385854, 0.38833522],
       [0.40765349, 0.29937052],
       [0.20928287, 0.2595751 ],
       [0.36505943, 0.28965463],
       [0.29656092, 0.31439628],
       [0.34612018, 0.21820833],
       [0.06031203, 0.21342388],
       [0.1627502 , 0.25965501],
       [0.40342071, 0.26662117],
       [0.17233707, 0.41496818],
       [0.32731722, 0.32739794],
       [0.29264943, 0.40059369],
       [0.10105341, 0.15769237],
       [0.10976195, 0.1795763 ],
       [0.28580624, 0.28811462],
       [0.19609804, 0.43515742],
       [0.26270051, 0.38253599],
       [0.24411946, 0.35632235],
       [0.11074321, 0.38404213],
       [0.3713222 , 0.31018459],
       [0.34022973, 0.34082183],
       [0.12821789, 0.31760895],
       [0.23023194, 0.17917789],
       [0.39320199, 0.33032703],
       [0.19719049, 0.35988627],
       [0.36324346, 0.17035478],
       [0.18149322, 0.40558749],
       [0.10304696, 0.16879324],
       [0.43852213, 0.19589003],
       [0.11460395, 0.84866479],
       [0.38480072, 0.74989631],
       [0.06370107, 0.8080411 ],
       [0.23278749, 0.70767549],
       [0.33581694, 0.86360395],
       [0.27326144, 0.7479499 ],
       [0.24982408, 0.71429527],
       [0.40820028, 0.6424025 ],
       [0.40160512, 0.79320829],
       [0.19508833, 0.83236963],
       [0.23835965, 0.57026146],
       [0.17435541, 0.65482834],
       [0.35521412, 0.8985407 ],
       [0.22050777, 0.85910228],
       [0.30780844, 0.80110516],
       [0.12644989, 0.73680665],
       [0.26995623, 0.66617019],
       [0.07122293, 0.79756393],
       [0.13700226, 0.73215049],
       [0.18647209, 0.84370071],
       [0.31652311, 0.80128128],
       [0.11269139, 0.87757594],
       [0.32708858, 0.7820546 ],
       [0.28832676, 0.56741094],
       [0.40361832, 0.78445214],
       [0.19433683, 0.73630981],
       [0.18694289, 0.57351258],
       [0.23643335, 0.86347535],
       [0.10638818, 0.75873169],
       [0.21360249, 0.6983005 ],
       [0.29550484, 0.72762113],
       [0.28277272, 0.89470486],
       [0.11015413, 0.68102779],
       [0.3236279 , 0.7028553 ],
       [0.3144326 , 0.90190464],
       [0.21999609, 0.60243164],
       [0.2863029 , 0.75361046],
       [0.12772585, 0.90440653],
       [0.19397707, 0.73488368],
       [0.32705519, 0.74730485],
       [0.39237598, 0.87584708],
       [0.18381083, 0.6951119 ],
       [0.35932195, 0.60074833],
       [0.12483551, 0.60902657],
       [0.25151683, 0.67722275],
       [0.22381387, 0.69071552],
       [0.1156912 , 0.8644609 ],
       [0.13911875, 0.73120646],
       [0.18141574, 0.89597957],
       [0.11412065, 0.81878478],
       [0.18930354, 0.66251288],
       [0.228067  , 0.68731997],
       [0.33743915, 0.58096544],
       [0.39796363, 0.83333393],
       [0.33902625, 0.77423405],
       [0.18803777, 0.85811651],
       [0.44460497, 0.78080116],
       [0.27368905, 0.81821816],
       [0.16198525, 0.72965851],
       [0.35208965, 0.74720082],
       [0.26373839, 0.58263843],
       [0.06803719, 0.73933111],
       [0.15581597, 0.69156815],
       [0.31537023, 0.86507975],
       [0.18326173, 0.58197966],
       [0.25716536, 0.74729617],
       [0.12750209, 0.62709974],
       [0.43768147, 0.76671375],
       [0.3981412 , 0.64886451],
       [0.06978289, 0.78065633],
       [0.19544926, 0.73628412],
       [0.35050835, 0.68763814],
       [0.05614876, 0.7928294 ],
       [0.41688562, 0.78916768],
       [0.31191817, 0.69565921],
       [0.32006713, 0.56724499],
       [0.28582775, 0.60858881],
       [0.18045361, 0.9214545 ],
       [0.09390168, 0.76083238],
       [0.32257106, 0.81229797],
       [0.29098126, 0.82611835],
       [0.20380831, 0.62904488],
       [0.3403211 , 0.82198348],
       [0.23099925, 0.57980656],
       [0.12165863, 0.78697481],
       [0.26386598, 0.62847137],
       [0.29639511, 0.81244456],
       [0.24318927, 0.85286323],
       [0.37960491, 0.82900659],
       [0.28780632, 0.59974058],
       [0.19184382, 0.89619136],
       [0.21050715, 0.81145207],
       [0.07231428, 0.69179022],
       [0.2519518 , 0.75099865],
       [0.37991328, 0.89689498],
       [0.40770511, 0.79148835],
       [0.43910107, 0.75477377],
       [0.35973659, 0.62736211],
       [0.28201428, 0.68451346],
       [0.37592226, 0.88266442],
       [0.3130027 , 0.88545338],
       [0.20919841, 0.77400472],
       [0.44145687, 0.80667754],
       [0.12326186, 0.87842885],
       [0.15261538, 0.6967391 ],
       [0.27000951, 0.70016   ],
       [0.26504676, 0.62813836],
       [0.12826854, 0.75678404],
       [0.08947009, 0.63448502],
       [0.23043052, 0.67382783],
       [0.18309995, 0.83623135],
       [0.3804036 , 0.66621765],
       [0.17210004, 0.84765104],
       [0.43533102, 0.75333467],
       [0.32581284, 0.57809753],
       [0.09971157, 0.82604215],
       [0.12976105, 0.61616508],
       [0.21104541, 0.80614914],
       [0.3242959 , 0.78582714],
       [0.10092772, 0.74774414],
       [0.29804383, 0.75668584],
       [0.30239975, 0.85527702],
       [0.29672353, 0.86987493],
       [0.17457008, 0.64624142],
       [0.31459222, 0.86966476],
       [0.4050532 , 0.6930441 ],
       [0.23304163, 0.58967753],
       [0.299129  , 0.59752966],
       [0.38027019, 0.6512461 ],
       [0.17855467, 0.90171339],
       [0.06518752, 0.67888352],
       [0.23229794, 0.74823742],
       [0.08791158, 0.7372779 ],
       [0.29433987, 0.65121674],
       [0.32510407, 0.64586653],
       [0.25076019, 0.79787175],
       [0.21517986, 0.81317797],
       [0.21546684, 0.58599291],
       [0.20875055, 0.74747354],
       [0.4335792 , 0.71669997],
       [0.21379179, 0.79270233],
       [0.08379523, 0.64194885],
       [0.17760174, 0.67489135],
       [0.39815761, 0.69662905],
       [0.34860878, 0.65752141],
       [0.3882518 , 0.84359904],
       [0.19235672, 0.86146311],
       [0.06715506, 0.76442251],
       [0.24451318, 0.75151433],
       [0.25327544, 0.63429109],
       [0.09831473, 0.76036874],
       [0.43083169, 0.6905632 ],
       [0.35156221, 0.69017819],
       [0.32282221, 0.67907086],
       [0.16571797, 0.88217816],
       [0.13129723, 0.60222251],
       [0.33067205, 0.87975206],
       [0.30927597, 0.91120692],
       [0.20293153, 0.56956341],
       [0.41076964, 0.7756563 ],
       [0.23296343, 0.7496599 ],
       [0.32601163, 0.59969849],
       [0.44136416, 0.70377246],
       [0.18276504, 0.81058934],
       [0.42563218, 0.65475316],
       [0.34165259, 0.73113546],
       [0.13062208, 0.8765087 ],
       [0.36862265, 0.7600943 ],
       [0.12963145, 0.6131677 ],
       [0.07632113, 0.77749264],
       [0.17817751, 0.82553687],
       [0.41294856, 0.68587469],
       [0.17500282, 0.71300426],
       [0.3478813 , 0.59959549],
       [0.25102404, 0.77685706],
       [0.24376937, 0.90365917],
       [0.16461132, 0.90973566],
       [0.18580653, 0.89440945],
       [0.2325695 , 0.79510299],
       [0.23048258, 0.62664346],
       [0.20840016, 0.80741412],
       [0.16335866, 0.83754773],
       [0.2240637 , 0.78621263],
       [0.12374673, 0.62398008],
       [0.19197524, 0.64620836],
       [0.16780097, 0.60311533],
       [0.09084229, 0.82283984],
       [0.19233907, 0.884959  ],
       [0.22425422, 0.78432153],
       [0.24241472, 0.91345929],
       [0.41678374, 0.83248292],
       [0.39023327, 0.86773261],
       [0.10207689, 0.87158913],
       [0.09464986, 0.78905657],
       [0.12658231, 0.60706887],
       [0.24078593, 0.69130635],
       [0.37710222, 0.60328728],
       [0.08421234, 0.79643937],
       [0.32076433, 0.90740935],
       [0.38564454, 0.6874735 ],
       [0.10208694, 0.67895965],
       [0.09474154, 0.80890929],
       [0.12579434, 0.79914108],
       [0.20896051, 0.82603784],
       [0.21794062, 0.9422268 ],
       [0.13840915, 0.69249025],
       [0.22557129, 0.6275868 ],
       [0.14056327, 0.72839558],
       [0.40483182, 0.81246949],
       [0.13454547, 0.62927712],
       [0.17160281, 0.86687753],
       [0.16294125, 0.57412151],
       [0.234169  , 0.87901067],
       [0.40132984, 0.77323556],
       [0.15546809, 0.641024  ],
       [0.31230898, 0.81922847],
       [0.09830643, 0.7675883 ],
       [0.33349262, 0.89257505],
       [0.08276273, 0.67175754],
       [0.39075398, 0.61444711],
       [0.11506489, 0.84002122],
       [0.10463702, 0.65988859],
       [0.24466517, 0.75165493],
       [0.20130942, 0.91569346],
       [0.27617609, 0.62932139],
       [0.42231848, 0.68133788],
       [0.19036392, 0.67692296],
       [0.2234402 , 0.80405709],
       [0.0939044 , 0.67850738],
       [0.13365178, 0.91209357],
       [0.08690324, 0.63799951],
       [0.30188723, 0.68284209],
       [0.22083304, 0.83624351],
       [0.29437198, 0.60676209],
       [0.26111203, 0.59948154],
       [0.33502136, 0.62401167],
       [0.3262658 , 0.9329335 ],
       [0.18064515, 0.79756905],
       [0.34923226, 0.57960326],
       [0.23262797, 0.75712469],
       [0.31183251, 0.81793847],
       [0.30242207, 0.93943407],
       [0.26495407, 0.8474472 ],
       [0.16415454, 0.70383725],
       [0.24396518, 0.62814899],
       [0.09098318, 0.71572459],
       [0.16985535, 0.75175806],
       [0.3479415 , 0.74341775],
       [0.19003475, 0.93000787],
       [0.31049385, 0.92365568],
       [0.19510431, 0.90930686],
       [0.42209352, 0.74638806],
       [0.42133415, 0.82748326],
       [0.2245869 , 0.58389751],
       [0.20194877, 0.77759595],
       [0.21867232, 0.93142141],
       [0.15739324, 0.57504722],
       [0.27376816, 0.8421597 ],
       [0.33136177, 0.6380912 ],
       [0.20141846, 0.6543629 ],
       [0.24399488, 0.79633114],
       [0.1917184 , 0.80865674],
       [0.20629705, 0.63622975],
       [0.19270607, 0.80335062],
       [0.27430511, 0.66939807],
       [0.39467528, 0.70152443],
       [0.25246225, 0.87145792],
       [0.23567892, 0.6972479 ],
       [0.15231824, 0.76490363],
       [0.11592534, 0.80929465],
       [0.35283364, 0.5815886 ],
       [0.21076582, 0.73634485],
       [0.41888662, 0.69010745],
       [0.1612367 , 0.80123762],
       [0.22228998, 0.67998018],
       [0.26322695, 0.86191634],
       [0.25928171, 0.77627935],
       [0.10907126, 0.88740033],
       [0.26699599, 0.71654742],
       [0.41772035, 0.72900651],
       [0.38659194, 0.60908109],
       [0.23947146, 0.5723879 ],
       [0.11803339, 0.7239754 ],
       [0.21925236, 0.64317258],
       [0.16077669, 0.7140222 ],
       [0.1654995 , 0.86393225],
       [0.37074233, 0.61620877],
       [0.11055571, 0.64107777],
       [0.15428127, 0.61301155],
       [0.32645425, 0.60086404],
       [0.36259674, 0.70827089],
       [0.14911724, 0.92261407],
       [0.25452133, 0.72846577],
       [0.15194909, 0.67835941],
       [0.34356363, 0.91101314],
       [0.337706  , 0.71010122],
       [0.39870186, 0.84956709],
       [0.21928883, 0.62940702],
       [0.42598291, 0.74436058],
       [0.39133374, 0.7722135 ],
       [0.2857089 , 0.8999951 ],
       [0.21955041, 0.93121494],
       [0.14442574, 0.79114794],
       [0.09160802, 0.79561874],
       [0.26103562, 0.85438745],
       [0.16101462, 0.78332456],
       [0.43060618, 0.81672958],
       [0.28036412, 0.81219769],
       [0.22227547, 0.85432022],
       [0.35794744, 0.68367451],
       [0.2068045 , 0.60822599],
       [0.18383113, 0.71609214],
       [0.29125632, 0.66625932],
       [0.08239664, 0.64278123],
       [0.14921482, 0.60548129],
       [0.34839421, 0.84663896],
       [0.21400602, 0.59259234],
       [0.14851433, 0.78390801],
       [0.16143461, 0.60241167],
       [0.23450634, 0.79972951],
       [0.20408548, 0.76209107],
       [0.18441171, 0.70014802],
       [0.29800501, 0.59037704],
       [0.24139015, 0.8433566 ],
       [0.16324731, 0.91155766],
       [0.35144843, 0.69340138],
       [0.28825189, 0.77042642],
       [0.21332701, 0.80703748],
       [0.26510838, 0.64476637],
       [0.21931245, 0.81504659],
       [0.07227617, 0.79622788],
       [0.38028255, 0.66508328],
       [0.17448549, 0.83531011],
       [0.43301596, 0.74651297],
       [0.29866006, 0.82838663],
       [0.10962966, 0.65617328],
       [0.30240717, 0.86922497],
       [0.09585455, 0.70946659],
       [0.23085871, 0.75100178],
       [0.2477952 , 0.75763473],
       [0.32168382, 0.63093943],
       [0.2381875 , 0.58823954],
       [0.13074346, 0.66910978],
       [0.39276269, 0.76119417],
       [0.30204138, 0.68553533],
       [0.27628051, 0.80192967],
       [0.1854203 , 0.60980565],
       [0.40367816, 0.77531761],
       [0.34442049, 0.64679875],
       [0.0874728 , 0.65868384],
       [0.19942784, 0.78676808],
       [0.20702037, 0.60393383],
       [0.18584778, 0.80545173],
       [0.2672515 , 0.65301689],
       [0.31592758, 0.58520544],
       [0.10394389, 0.76520583],
       [0.33732373, 0.64557292],
       [0.15199915, 0.64192585],
       [0.23680396, 0.89772562],
       [0.24168875, 0.87867063],
       [0.21311575, 0.87399185],
       [0.33534676, 0.77125264],
       [0.32660403, 0.59391288],
       [0.23229095, 0.86224301],
       [0.22840429, 0.67525796],
       [0.1656875 , 0.69325453],
       [0.27109137, 0.91932265],
       [0.06649968, 0.79551823],
       [0.16493432, 0.60001842],
       [0.27355368, 0.75744156],
       [0.13290183, 0.87549096],
       [0.32057881, 0.87281965],
       [0.20267403, 0.63656457],
       [0.3089538 , 0.83482381],
       [0.40745605, 0.78715491],
       [0.89006061, 0.66932073],
       [0.61779849, 0.74030699],
       [0.72048684, 0.81237048],
       [0.69464509, 0.63929506],
       [0.70798001, 0.77741069],
       [0.90975024, 0.84092853],
       [0.64008766, 0.85767557],
       [0.72980135, 0.82540814],
       [0.75195934, 0.68921308],
       [0.90520037, 0.77710632],
       [0.61108399, 0.7711913 ],
       [0.82186371, 0.89380874],
       [0.63532633, 0.82320317],
       [0.75285672, 0.65795258],
       [0.85251265, 0.63361128],
       [0.86263174, 0.67459589],
       [0.66223705, 0.85247543],
       [0.69847931, 0.89554064],
       [0.62578948, 0.65534202],
       [0.62271734, 0.73281858],
       [0.90093416, 0.8391109 ],
       [0.89774234, 0.76690766],
       [0.62133191, 0.78907595],
       [0.90228222, 0.74715947],
       [0.59749494, 0.67778137],
       [0.69920845, 0.75970663],
       [0.80005426, 0.55868138],
       [0.74567101, 0.70832781],
       [0.74491312, 0.69035767],
       [0.57368891, 0.68512002],
       [0.59733793, 0.80173579],
       [0.88974541, 0.89258421],
       [0.83340087, 0.58395389],
       [0.78053003, 0.69347914],
       [0.80963409, 0.6008892 ],
       [0.74859375, 0.65531264],
       [0.80606482, 0.7683292 ],
       [0.67017927, 0.85611901],
       [0.83828205, 0.69027119],
       [0.70238005, 0.70972853],
       [0.87085736, 0.85869035],
       [0.69692368, 0.8652773 ],
       [0.68675129, 0.58505184],
       [0.89341513, 0.70834333],
       [0.77009194, 0.61478987],
       [0.78037798, 0.80980643],
       [0.92953324, 0.73320378],
       [0.66725416, 0.69654395],
       [0.72522161, 0.82798897],
       [0.62066545, 0.7572554 ],
       [0.9375231 , 0.72363886],
       [0.86837312, 0.61053142],
       [0.84701133, 0.71167782],
       [0.82972281, 0.63962991],
       [0.69945061, 0.82151403],
       [0.80861202, 0.70648639],
       [0.84939438, 0.83033176],
       [0.72476589, 0.78392335],
       [0.68482645, 0.62727422],
       [0.68146479, 0.82382954],
       [0.67633354, 0.75371194],
       [0.63778123, 0.63852105],
       [0.78286729, 0.64229641],
       [0.63327768, 0.61348517],
       [0.75785163, 0.58370784],
       [0.70675372, 0.65517994],
       [0.88417319, 0.82917427],
       [0.71158278, 0.67474449],
       [0.9023011 , 0.64433288],
       [0.94235326, 0.7483271 ],
       [0.67902988, 0.92630861],
       [0.67246843, 0.75156249],
       [0.65097676, 0.82231477],
       [0.81224803, 0.80397607],
       [0.91792199, 0.68331173],
       [0.93272996, 0.8068574 ],
       [0.57974265, 0.78208637],
       [0.82259757, 0.82477156],
       [0.72650767, 0.83297603],
       [0.65626449, 0.79806175],
       [0.82799575, 0.64223851],
       [0.90729972, 0.84651852],
       [0.80681318, 0.79428108],
       [0.91775924, 0.66205946],
       [0.78204654, 0.85459265],
       [0.74608506, 0.65582281],
       [0.72710145, 0.89982003],
       [0.86672653, 0.74919306],
       [0.87823218, 0.75980711],
       [0.77760959, 0.78008176],
       [0.88147067, 0.80129324],
       [0.76741996, 0.87637272],
       [0.61574871, 0.64196183],
       [0.71618442, 0.63822763],
       [0.85861562, 0.64383068],
       [0.85095953, 0.7570293 ],
       [0.71322103, 0.70331009],
       [0.74985277, 0.57611402],
       [0.82747672, 0.5834663 ],
       [0.76500859, 0.91929437],
       [0.86793142, 0.63723928],
       [0.86832957, 0.73921251],
       [0.81713754, 0.71524476],
       [0.64475447, 0.61807009],
       [0.86749305, 0.61526568],
       [0.73814509, 0.7295262 ],
       [0.64269215, 0.83226679],
       [0.63586891, 0.59678745],
       [0.77836621, 0.85900951],
       [0.85599963, 0.82610794],
       [0.73912106, 0.8474992 ],
       [0.82812451, 0.80963632],
       [0.7627198 , 0.70337788],
       [0.88760989, 0.70583075],
       [0.68245458, 0.90147708],
       [0.84661316, 0.84331014],
       [0.80110403, 0.92938528],
       [0.9116213 , 0.72191423],
       [0.75886302, 0.61930547],
       [0.91554905, 0.7458308 ],
       [0.57991178, 0.73149314],
       [0.69959585, 0.56161929],
       [0.66405859, 0.58350947],
       [0.68913326, 0.78110491],
       [0.67768691, 0.5758109 ],
       [0.79493106, 0.6558349 ],
       [0.58725094, 0.77319758],
       [0.88909177, 0.60726421],
       [0.78693171, 0.67611007],
       [0.89885632, 0.68138963],
       [0.76395437, 0.92399156],
       [0.67992036, 0.92390615],
       [0.81969144, 0.83161368],
       [0.69355326, 0.75556798],
       [0.68509699, 0.56609641],
       [0.70384191, 0.80304129],
       [0.78736274, 0.672269  ],
       [0.84273253, 0.89419533],
       [0.92797964, 0.75674038],
       [0.7277244 , 0.68870085],
       [0.70044132, 0.78568529],
       [0.81180986, 0.69346932],
       [0.55171346, 0.72575102],
       [0.74722125, 0.65984463],
       [0.88936872, 0.71442773],
       [0.88620489, 0.6185715 ],
       [0.89146115, 0.7211273 ],
       [0.90539087, 0.63737595],
       [0.61180208, 0.86056225],
       [0.92391631, 0.83253261],
       [0.88438797, 0.82869927],
       [0.56087116, 0.80883994],
       [0.56181805, 0.78485917],
       [0.78593331, 0.72564181],
       [0.68429329, 0.60767362],
       [0.86751549, 0.80006198],
       [0.80260595, 0.81202255],
       [0.89206594, 0.79204025],
       [0.85434406, 0.87555561],
       [0.75944914, 0.89347887],
       [0.80744813, 0.94044576],
       [0.62091669, 0.683493  ],
       [0.78021179, 0.65012997],
       [0.57030432, 0.76954411],
       [0.6527466 , 0.79374842],
       [0.90254236, 0.67681979],
       [0.78370446, 0.88228532],
       [0.88929932, 0.85175929],
       [0.78102576, 0.56460893],
       [0.62256363, 0.67752621],
       [0.60055801, 0.85702051],
       [0.68799947, 0.74189746],
       [0.82518959, 0.85563544],
       [0.80157698, 0.90054486],
       [0.92298448, 0.81266596],
       [0.8530645 , 0.6618845 ],
       [0.80530208, 0.87313907],
       [0.87841422, 0.89273169],
       [0.7293758 , 0.72462932],
       [0.560199  , 0.80844524],
       [0.7441597 , 0.89168842],
       [0.81470396, 0.84914561],
       [0.6639856 , 0.65632025],
       [0.85311777, 0.81081399],
       [0.89053538, 0.79397622],
       [0.88085943, 0.70744349],
       [0.754297  , 0.71298931],
       [0.84856098, 0.64347548],
       [0.80832811, 0.68516734],
       [0.70670461, 0.56992268],
       [0.61617429, 0.86808717],
       [0.56462005, 0.75286586],
       [0.68240254, 0.82633851],
       [0.65744749, 0.71678077],
       [0.71970244, 0.888591  ],
       [0.79891398, 0.76858316],
       [0.65805752, 0.71312698],
       [0.65739298, 0.80348853],
       [0.9284497 , 0.82131777],
       [0.60710671, 0.84521759],
       [0.68837324, 0.61037283],
       [0.88424445, 0.82496964],
       [0.60156344, 0.78481741],
       [0.90370156, 0.76252013],
       [0.86542276, 0.76656003],
       [0.83510414, 0.74216414],
       [0.77079206, 0.83945773],
       [0.92337437, 0.80783701],
       [0.8509519 , 0.65794558],
       [0.70704256, 0.94286088],
       [0.92331056, 0.83766789],
       [0.58823481, 0.85769032],
       [0.94510233, 0.73434112],
       [0.7419923 , 0.70479013],
       [0.88632943, 0.81604066],
       [0.93248806, 0.74652139],
       [0.65236779, 0.90648957],
       [0.67573907, 0.77590662],
       [0.73621349, 0.82004026],
       [0.71911391, 0.79221547],
       [0.65044866, 0.57863675],
       [0.59523079, 0.79256582],
       [0.64509741, 0.68700628],
       [0.78711927, 0.69546611],
       [0.66131812, 0.7806342 ],
       [0.64320223, 0.64196724],
       [0.70249225, 0.86333526],
       [0.62635623, 0.62589948],
       [0.62776463, 0.5993764 ],
       [0.89201504, 0.65112914],
       [0.6339137 , 0.61686366],
       [0.63731511, 0.69331995],
       [0.82630033, 0.83826463],
       [0.85159061, 0.90185684],
       [0.84965293, 0.61609265],
       [0.8469381 , 0.70870393],
       [0.82647026, 0.93185446],
       [0.77687088, 0.85207603],
       [0.8090921 , 0.72826137],
       [0.77291716, 0.75416901],
       [0.83980729, 0.88580003],
       [0.73531092, 0.85286139],
       [0.66304817, 0.65184043],
       [0.83676372, 0.57301962],
       [0.7555296 , 0.79986829],
       [0.60428467, 0.64907533],
       [0.78548299, 0.55583115],
       [0.65695749, 0.90763616],
       [0.66541408, 0.66320891],
       [0.69677879, 0.83956754],
       [0.68338803, 0.61027175],
       [0.81583059, 0.82893001],
       [0.64256782, 0.77152901],
       [0.62265195, 0.81851842],
       [0.93212251, 0.69495305],
       [0.74759035, 0.91957087],
       [0.90118442, 0.74165462],
       [0.66914999, 0.64127309],
       [0.7836002 , 0.60750398],
       [0.89124413, 0.86989341],
       [0.86136328, 0.61810197],
       [0.74531294, 0.82149287],
       [0.58142864, 0.85590174],
       [0.79609214, 0.79672624],
       [0.67543915, 0.57340261],
       [0.69271825, 0.8821295 ],
       [0.59262153, 0.65958844],
       [0.64910738, 0.82155953],
       [0.6783041 , 0.66606968],
       [0.62780202, 0.73863358],
       [0.76564842, 0.6394987 ],
       [0.78330521, 0.9213228 ],
       [0.65729489, 0.79496605],
       [0.80399495, 0.72184899],
       [0.70286044, 0.65613954],
       [0.65724113, 0.68484065],
       [0.79261419, 0.66298366],
       [0.66989382, 0.60372045],
       [0.81384608, 0.83476499],
       [0.67240501, 0.64234489],
       [0.83578666, 0.78863606],
       [0.68690054, 0.58265699],
       [0.66939561, 0.78569406],
       [0.61523355, 0.7809658 ],
       [0.68375227, 0.81291384],
       [0.8147633 , 0.58596096],
       [0.63553025, 0.63753931],
       [0.79584068, 0.91124812],
       [0.79432906, 0.85206716],
       [0.81933152, 0.81089871],
       [0.72686489, 0.90966877],
       [0.70436254, 0.88483643],
       [0.61692892, 0.81803196],
       [0.84487747, 0.74714154],
       [0.73871073, 0.64556763],
       [0.88182014, 0.84243958],
       [0.80999555, 0.72499839],
       [0.62283771, 0.85369094],
       [0.62785663, 0.85679274],
       [0.65643013, 0.63180666],
       [0.84360214, 0.90223434],
       [0.86308201, 0.8047668 ],
       [0.57478252, 0.75235119],
       [0.7339271 , 0.8158286 ],
       [0.58643059, 0.80797347],
       [0.68529908, 0.71403885],
       [0.70728997, 0.65832294],
       [0.83513898, 0.84055357],
       [0.82596894, 0.85991394],
       [0.72409312, 0.61877416],
       [0.77432354, 0.74823168],
       [0.74031952, 0.86036331],
       [0.65559662, 0.78845154],
       [0.8394404 , 0.719147  ],
       [0.67626046, 0.75042219],
       [0.59288135, 0.67734765],
       [0.78057456, 0.81762913],
       [0.67137986, 0.56818856],
       [0.6979657 , 0.86739485],
       [0.8636838 , 0.77245096],
       [0.55452636, 0.73494757],
       [0.7653124 , 0.83962255],
       [0.83587693, 0.75570457],
       [0.9316717 , 0.83170064],
       [0.66426643, 0.7475324 ],
       [0.74986003, 0.91367958],
       [0.83087651, 0.67149861],
       [0.5872378 , 0.86309169],
       [0.73895006, 0.89014083],
       [0.93168354, 0.80083871],
       [0.68139857, 0.57945234],
       [0.70733434, 0.62370988],
       [0.59330816, 0.64653855],
       [0.68645679, 0.74256568],
       [0.82567973, 0.66035137],
       [0.85067598, 0.867167  ],
       [0.84641096, 0.70851437],
       [0.55908886, 0.7241007 ],
       [0.55464924, 0.75450485],
       [0.81902413, 0.72914642],
       [0.68018623, 0.56267849],
       [0.69730059, 0.72561816],
       [0.83958701, 0.7240995 ],
       [0.7536933 , 0.88983717],
       [0.83769723, 0.66332138],
       [0.80299936, 0.60418601],
       [0.70433666, 0.67266365],
       [0.72089409, 0.70874868],
       [0.88652025, 0.67237561],
       [0.56891164, 0.78263829],
       [0.73734745, 0.63741327],
       [0.6366056 , 0.80486753],
       [0.59818101, 0.84565297],
       [0.71503503, 0.68397144],
       [0.69771408, 0.57394564],
       [0.85753139, 0.6590652 ],
       [0.79590737, 0.66578161],
       [0.67695613, 0.56762087],
       [0.73645118, 0.65144508],
       [0.94429911, 0.72207757],
       [0.8175253 , 0.83497706],
       [0.79686147, 0.71913138],
       [0.62572302, 0.76708228],
       [0.84439933, 0.69675629],
       [0.88122055, 0.80106798],
       [0.66347943, 0.58025142],
       [0.72851313, 0.68556441],
       [0.87495265, 0.80429384],
       [0.89512188, 0.86169094],
       [0.86596617, 0.84570643],
       [0.66878312, 0.80624483],
       [0.55142179, 0.75207863],
       [0.60451704, 0.77029251],
       [0.58558882, 0.86183321],
       [0.94873703, 0.74640863],
       [0.58974222, 0.29674601],
       [0.5971251 , 0.31257653],
       [0.58871788, 0.32323531],
       [0.80409728, 0.13301531],
       [0.91917834, 0.22547297],
       [0.81858878, 0.18210837],
       [0.64053404, 0.24834141],
       [0.63931768, 0.15149406],
       [0.90194661, 0.32859371],
       [0.81308984, 0.41687419],
       [0.6037132 , 0.37314011],
       [0.81362852, 0.20101452],
       [0.6700293 , 0.39264742],
       [0.82912603, 0.16607502],
       [0.69062771, 0.31265767],
       [0.63864393, 0.23785299],
       [0.83939531, 0.31646687],
       [0.85962593, 0.28402728],
       [0.84255008, 0.24447441],
       [0.64716119, 0.38746972],
       [0.84216958, 0.08340981],
       [0.78552702, 0.17720735],
       [0.62141679, 0.32148056],
       [0.80433597, 0.12878886],
       [0.76116633, 0.17870869],
       [0.60192438, 0.34303253],
       [0.56933969, 0.30993661],
       [0.71007653, 0.11511208],
       [0.80573837, 0.15579652],
       [0.59557905, 0.17339628],
       [0.60379573, 0.3139879 ],
       [0.84820049, 0.22211465],
       [0.67698661, 0.27649801],
       [0.82665591, 0.39304395],
       [0.67560426, 0.0759144 ],
       [0.82308985, 0.0995891 ],
       [0.61075438, 0.15114068],
       [0.56814885, 0.2232063 ],
       [0.6670807 , 0.29770413],
       [0.88118384, 0.37965981],
       [0.82176602, 0.40995456],
       [0.7737597 , 0.43961531],
       [0.61944827, 0.35038542],
       [0.80757701, 0.29665957],
       [0.72682869, 0.34456007],
       [0.8726318 , 0.16762636],
       [0.59991932, 0.38129142],
       [0.85561081, 0.10008115],
       [0.63237006, 0.27156967],
       [0.92290001, 0.18870743],
       [0.86614694, 0.18745701],
       [0.85346678, 0.16563012],
       [0.8506343 , 0.13038666],
       [0.89026301, 0.30445731],
       [0.65888251, 0.14586564],
       [0.65370589, 0.23185959],
       [0.89378928, 0.28492472],
       [0.80266052, 0.09832791],
       [0.92312404, 0.30943449],
       [0.68644786, 0.18268641],
       [0.65359618, 0.2934854 ],
       [0.60654141, 0.18520698],
       [0.6695564 , 0.18915758],
       [0.71404562, 0.27133165],
       [0.9098477 , 0.16093789],
       [0.71717639, 0.2354095 ],
       [0.84251477, 0.41765409],
       [0.8024658 , 0.20232171],
       [0.85036892, 0.2448313 ],
       [0.75236397, 0.15276083],
       [0.60869663, 0.30825152],
       [0.79142713, 0.26933017],
       [0.94544458, 0.28958804],
       [0.75474281, 0.09108473],
       [0.86537563, 0.34153388],
       [0.84861055, 0.11483278],
       [0.8172436 , 0.15354026],
       [0.71253942, 0.30035002],
       [0.80824576, 0.28740045],
       [0.57253426, 0.30441361],
       [0.74137199, 0.17450789],
       [0.7372299 , 0.21225477],
       [0.79098207, 0.20179393],
       [0.89910373, 0.1848379 ],
       [0.7560992 , 0.38390247],
       [0.63564827, 0.12844277],
       [0.65255082, 0.29465379],
       [0.65113361, 0.27385055],
       [0.81224368, 0.16461592],
       [0.86284391, 0.19869696],
       [0.68907217, 0.14574519],
       [0.83741977, 0.14402136],
       [0.85315794, 0.37828618],
       [0.92200339, 0.30393116],
       [0.56152409, 0.27050895],
       [0.70688896, 0.38371238],
       [0.81924686, 0.42788726],
       [0.74834996, 0.36719604],
       [0.68689665, 0.14168471],
       [0.65044157, 0.42295161],
       [0.72122113, 0.15349155],
       [0.70637906, 0.12048539],
       [0.6618245 , 0.42084122],
       [0.63994054, 0.35480856],
       [0.74748976, 0.31263529],
       [0.6322569 , 0.2459042 ],
       [0.75110246, 0.30726066],
       [0.78614165, 0.24286804],
       [0.89166203, 0.11227126],
       [0.73490527, 0.16946382],
       [0.73847636, 0.43462869],
       [0.8649887 , 0.09175919],
       [0.76515036, 0.12617459],
       [0.89288708, 0.24424212],
       [0.57009248, 0.28232443],
       [0.67669088, 0.21041278],
       [0.87130949, 0.40576191],
       [0.74923895, 0.33441528],
       [0.79655983, 0.38917108],
       [0.69102015, 0.17611096],
       [0.73073398, 0.29732183],
       [0.88528808, 0.33821333],
       [0.77629729, 0.30094746],
       [0.70042918, 0.12412673],
       [0.63665096, 0.08579459],
       [0.64269146, 0.23449648],
       [0.72874253, 0.27305966],
       [0.57913031, 0.18275366],
       [0.68544936, 0.17911758],
       [0.70853033, 0.1098593 ],
       [0.63223296, 0.21615527],
       [0.63066757, 0.3851839 ],
       [0.62470724, 0.3112037 ],
       [0.59830953, 0.12373567],
       [0.86233399, 0.12230492],
       [0.89911489, 0.35348492],
       [0.85529328, 0.41281259],
       [0.6493648 , 0.30362832],
       [0.60351765, 0.37425372],
       [0.74937621, 0.31741533],
       [0.71779055, 0.29093924],
       [0.84960221, 0.08537273],
       [0.8418072 , 0.31166011],
       [0.62951976, 0.27772176],
       [0.64973195, 0.07729397],
       [0.60389788, 0.37811507],
       [0.77218527, 0.06273831],
       [0.7398807 , 0.43523204],
       [0.69660935, 0.17096564],
       [0.69795812, 0.29937863],
       [0.91338715, 0.28712166],
       [0.67958186, 0.42347123],
       [0.80888797, 0.30076681],
       [0.854236  , 0.39275991],
       [0.68101007, 0.1686551 ],
       [0.85882444, 0.20279038],
       [0.71000615, 0.43784491],
       [0.87909642, 0.18484771],
       [0.85947699, 0.14871506],
       [0.67890354, 0.11348097],
       [0.77170372, 0.29889404],
       [0.57964677, 0.24918991],
       [0.73682075, 0.25613956],
       [0.77135226, 0.44243043],
       [0.81317273, 0.11800444],
       [0.72250294, 0.13809514],
       [0.916463  , 0.26972663],
       [0.85211908, 0.15925871],
       [0.74208375, 0.3846113 ],
       [0.86405606, 0.23069445],
       [0.76798918, 0.15210376],
       [0.72889917, 0.36884883],
       [0.72035472, 0.22787583],
       [0.80151775, 0.27331776],
       [0.72292102, 0.25067134],
       [0.60998084, 0.24188013],
       [0.69278558, 0.24020516],
       [0.77635992, 0.19006251],
       [0.6001239 , 0.28057751],
       [0.86933081, 0.24545804],
       [0.6238469 , 0.33979425],
       [0.63380816, 0.19129646],
       [0.90153369, 0.28234014],
       [0.73491359, 0.16326274],
       [0.82203488, 0.3832417 ],
       [0.63003627, 0.3986565 ],
       [0.92381406, 0.27370863],
       [0.61234577, 0.14281689],
       [0.83640218, 0.08750956],
       [0.83798563, 0.28709548],
       [0.56461021, 0.21337606],
       [0.93134311, 0.16683323],
       [0.60393513, 0.38321115],
       [0.70200462, 0.06510655],
       [0.85167594, 0.08697103],
       [0.79348275, 0.44125421],
       [0.80549165, 0.28121068],
       [0.8998604 , 0.3744104 ],
       [0.90103327, 0.21595683],
       [0.70241337, 0.43272291],
       [0.77273931, 0.26887794],
       [0.84201272, 0.0752547 ],
       [0.70686461, 0.24126196],
       [0.72599054, 0.19383513],
       [0.83759429, 0.35194924],
       [0.6179406 , 0.35228618],
       [0.7519796 , 0.12179655],
       [0.84900588, 0.24742932],
       [0.79235372, 0.33666559],
       [0.87371859, 0.25989655],
       [0.67185241, 0.35552132],
       [0.59191482, 0.2108999 ],
       [0.67149823, 0.4319434 ],
       [0.66742278, 0.31375611],
       [0.92082528, 0.3295583 ],
       [0.64500644, 0.28028347],
       [0.90943805, 0.22776155],
       [0.69754619, 0.35666951],
       [0.7996355 , 0.19722891],
       [0.7328522 , 0.37252974],
       [0.82883174, 0.1746055 ],
       [0.68421778, 0.18465083],
       [0.9029181 , 0.28387212],
       [0.93325197, 0.24860821],
       [0.6669104 , 0.38544488],
       [0.73948309, 0.16081208],
       [0.64811308, 0.31806598],
       [0.74036385, 0.30389681],
       [0.74216274, 0.32584399],
       [0.80956228, 0.21581656],
       [0.84613931, 0.22383026],
       [0.66455135, 0.39170328],
       [0.67800095, 0.16898071],
       [0.73125815, 0.20353027],
       [0.57525082, 0.25329524],
       [0.80911979, 0.10433766],
       [0.7516954 , 0.32609783],
       [0.80010154, 0.22214542],
       [0.68800447, 0.33583859],
       [0.6627103 , 0.0950763 ],
       [0.65011892, 0.30821324],
       [0.72497835, 0.2365744 ],
       [0.86369982, 0.33744298],
       [0.59855504, 0.30288992],
       [0.77592813, 0.31316088],
       [0.73373613, 0.30024277],
       [0.64694839, 0.24339581],
       [0.7082217 , 0.06895578],
       [0.82897909, 0.09647163],
       [0.86819799, 0.19137187],
       [0.83085334, 0.12505001],
       [0.59563138, 0.19226077],
       [0.70786538, 0.42450404],
       [0.80300738, 0.25594994],
       [0.78209097, 0.1675885 ],
       [0.6635917 , 0.28151993],
       [0.58951209, 0.24155798],
       [0.79108424, 0.37384222],
       [0.8274946 , 0.08469193],
       [0.59479362, 0.13959001],
       [0.76089419, 0.18557346],
       [0.90314825, 0.17179343],
       [0.7165251 , 0.22958505],
       [0.6210295 , 0.18620329],
       [0.68342894, 0.38188606],
       [0.75861261, 0.21951023],
       [0.76315075, 0.23884413],
       [0.92473361, 0.23147341],
       [0.68866516, 0.38455265],
       [0.67033844, 0.21694244],
       [0.89150946, 0.1350369 ],
       [0.72704612, 0.20984695],
       [0.75004257, 0.17021173],
       [0.89432255, 0.18802759],
       [0.79172599, 0.44110729],
       [0.68851184, 0.08239774],
       [0.5825373 , 0.32430696],
       [0.81454311, 0.08748009],
       [0.90945313, 0.33484828],
       [0.67975049, 0.41348009],
       [0.8959962 , 0.33046198],
       [0.94308518, 0.24666587],
       [0.92478887, 0.20990912],
       [0.91033209, 0.20389259],
       [0.73128491, 0.44490861],
       [0.72501706, 0.35922932],
       [0.93148477, 0.1995223 ],
       [0.78783118, 0.10417584],
       [0.74021172, 0.23852647],
       [0.90745305, 0.20288456],
       [0.56119287, 0.29728172],
       [0.70350784, 0.34810304],
       [0.60933321, 0.21613957],
       [0.82912059, 0.1639839 ],
       [0.70913222, 0.18527764],
       [0.6949993 , 0.34625224],
       [0.91358162, 0.34105982],
       [0.79834137, 0.28870656],
       [0.64294158, 0.18517201],
       [0.65761853, 0.41698437],
       [0.90705377, 0.27459434],
       [0.83609687, 0.26506956],
       [0.86543916, 0.25298896],
       [0.73658439, 0.31207328],
       [0.70656619, 0.43633596],
       [0.69435876, 0.21517698],
       [0.68493586, 0.24710769],
       [0.69263001, 0.28846116],
       [0.60634923, 0.24256537],
       [0.82001058, 0.32628125],
       [0.84890196, 0.25171985],
       [0.71169009, 0.21839795],
       [0.60219388, 0.11564228],
       [0.68199339, 0.37295134],
       [0.67416046, 0.08022094],
       [0.65000831, 0.21634844],
       [0.60649508, 0.11720167],
       [0.80202506, 0.2030173 ],
       [0.90128815, 0.26856056],
       [0.7054348 , 0.22023795],
       [0.87935952, 0.35968061],
       [0.76246123, 0.11184735],
       [0.67450596, 0.16137464],
       [0.75768095, 0.14388995],
       [0.56506631, 0.17877785],
       [0.66833039, 0.08026273],
       [0.70470657, 0.15135228],
       [0.71662705, 0.3567935 ],
       [0.91483392, 0.16221003],
       [0.855136  , 0.07987987],
       [0.86647493, 0.25437739],
       [0.80592941, 0.21243569],
       [0.8234257 , 0.32536577],
       [0.87045702, 0.38839066],
       [0.71544674, 0.10515773],
       [0.89236019, 0.12290587],
       [0.82730715, 0.31943917],
       [0.84641656, 0.23645861],
       [0.77630944, 0.05829267],
       [0.69381175, 0.2361055 ],
       [0.64533908, 0.25631718],
       [0.61645352, 0.20361887],
       [0.64590965, 0.30025113],
       [0.67635539, 0.26120722],
       [0.85860016, 0.11207764],
       [0.75747335, 0.20624672],
       [0.89496456, 0.3036813 ],
       [0.90936588, 0.13071078],
       [0.80141603, 0.28092757],
       [0.86729187, 0.1620046 ],
       [0.80213208, 0.4101161 ],
       [0.58451238, 0.35767551],
       [0.8794289 , 0.16344942],
       [0.76784367, 0.2824668 ],
       [0.81056146, 0.41084644],
       [0.84977001, 0.34294696],
       [0.66453942, 0.31598831],
       [0.90741367, 0.27166064],
       [0.69471231, 0.20764714],
       [0.82904143, 0.40370222],
       [0.71547879, 0.11984526],
       [0.85355698, 0.41658234],
       [0.68993104, 0.12819719],
       [0.90796597, 0.28505492],
       [0.82672191, 0.40475331],
       [0.79882541, 0.16069626],
       [0.61293812, 0.38099426],
       [0.82156775, 0.12500854],
       [0.73496616, 0.43874479],
       [0.74279548, 0.11535341],
       [0.62457424, 0.25447623],
       [0.57388848, 0.15545802],
       [0.7861095 , 0.38251273],
       [0.59454533, 0.34529429],
       [0.66623707, 0.15129565]]), array([0, 0, 0, 0, 0, 0, 0, 0, 0, 0, 0, 0, 0, 0, 0, 0, 0, 0, 0, 0, 0, 0,
       0, 0, 0, 0, 0, 0, 0, 0, 0, 0, 0, 0, 0, 0, 0, 0, 0, 0, 0, 0, 0, 0,
       0, 0, 0, 0, 0, 0, 0, 0, 0, 0, 0, 0, 0, 0, 0, 0, 0, 0, 0, 0, 0, 0,
       0, 0, 0, 0, 0, 0, 0, 0, 0, 0, 0, 0, 0, 0, 0, 0, 0, 0, 0, 0, 0, 0,
       0, 0, 0, 0, 0, 0, 0, 0, 0, 0, 0, 0, 0, 0, 0, 0, 0, 0, 0, 0, 0, 0,
       0, 0, 0, 0, 0, 0, 0, 0, 0, 0, 0, 0, 0, 0, 0, 0, 0, 0, 0, 0, 0, 0,
       0, 0, 0, 0, 0, 0, 0, 0, 0, 0, 0, 0, 0, 0, 0, 0, 0, 0, 0, 0, 0, 0,
       0, 0, 0, 0, 0, 0, 0, 0, 0, 0, 0, 0, 0, 0, 0, 0, 0, 0, 0, 0, 0, 0,
       0, 0, 0, 0, 0, 0, 0, 0, 0, 0, 0, 0, 0, 0, 0, 0, 0, 0, 0, 0, 0, 0,
       0, 0, 0, 0, 0, 0, 0, 0, 0, 0, 0, 0, 0, 0, 0, 0, 0, 0, 0, 0, 0, 0,
       0, 0, 0, 0, 0, 0, 0, 0, 0, 0, 0, 0, 0, 0, 0, 0, 0, 0, 0, 0, 0, 0,
       0, 0, 0, 0, 0, 0, 0, 0, 0, 0, 0, 0, 0, 0, 0, 0, 0, 0, 0, 0, 0, 0,
       0, 0, 0, 0, 0, 0, 0, 0, 0, 0, 0, 0, 0, 0, 0, 0, 0, 0, 0, 0, 0, 0,
       0, 0, 0, 0, 0, 0, 0, 0, 0, 0, 0, 0, 0, 0, 0, 0, 0, 0, 0, 0, 0, 0,
       0, 0, 0, 0, 0, 0, 0, 0, 0, 0, 0, 0, 0, 0, 0, 0, 0, 0, 0, 0, 0, 0,
       0, 0, 0, 0, 0, 0, 0, 0, 0, 0, 0, 0, 0, 0, 0, 0, 0, 0, 0, 0, 0, 0,
       0, 0, 0, 0, 0, 0, 0, 0, 0, 0, 0, 0, 0, 0, 0, 0, 0, 0, 0, 0, 0, 0,
       0, 1, 1, 1, 1, 1, 1, 1, 1, 1, 1, 1, 1, 1, 1, 1, 1, 1, 1, 1, 1, 1,
       1, 1, 1, 1, 1, 1, 1, 1, 1, 1, 1, 1, 1, 1, 1, 1, 1, 1, 1, 1, 1, 1,
       1, 1, 1, 1, 1, 1, 1, 1, 1, 1, 1, 1, 1, 1, 1, 1, 1, 1, 1, 1, 1, 1,
       1, 1, 1, 1, 1, 1, 1, 1, 1, 1, 1, 1, 1, 1, 1, 1, 1, 1, 1, 1, 1, 1,
       1, 1, 1, 1, 1, 1, 1, 1, 1, 1, 1, 1, 1, 1, 1, 1, 1, 1, 1, 1, 1, 1,
       1, 1, 1, 1, 1, 1, 1, 1, 1, 1, 1, 1, 1, 1, 1, 1, 1, 1, 1, 1, 1, 1,
       1, 1, 1, 1, 1, 1, 1, 1, 1, 1, 1, 1, 1, 1, 1, 1, 1, 1, 1, 1, 1, 1,
       1, 1, 1, 1, 1, 1, 1, 1, 1, 1, 1, 1, 1, 1, 1, 1, 1, 1, 1, 1, 1, 1,
       1, 1, 1, 1, 1, 1, 1, 1, 1, 1, 1, 1, 1, 1, 1, 1, 1, 1, 1, 1, 1, 1,
       1, 1, 1, 1, 1, 1, 1, 1, 1, 1, 1, 1, 1, 1, 1, 1, 1, 1, 1, 1, 1, 1,
       1, 1, 1, 1, 1, 1, 1, 1, 1, 1, 1, 1, 1, 1, 1, 1, 1, 1, 1, 1, 1, 1,
       1, 1, 1, 1, 1, 1, 1, 1, 1, 1, 1, 1, 1, 1, 1, 1, 1, 1, 1, 1, 1, 1,
       1, 1, 1, 1, 1, 1, 1, 1, 1, 1, 1, 1, 1, 1, 1, 1, 1, 1, 1, 1, 1, 1,
       1, 1, 1, 1, 1, 1, 1, 1, 1, 1, 1, 1, 1, 1, 1, 1, 1, 1, 1, 1, 1, 1,
       1, 1, 1, 1, 1, 1, 1, 1, 1, 1, 1, 1, 1, 1, 1, 1, 1, 1, 1, 1, 1, 1,
       1, 1, 1, 1, 1, 1, 1, 1, 1, 1, 1, 1, 1, 1, 1, 1, 1, 1, 1, 1, 1, 1,
       1, 1, 1, 1, 1, 1, 1, 1, 1, 1, 1, 1, 1, 1, 1, 1, 1, 1, 1, 1, 1, 1,
       1, 1, 0, 0, 0, 0, 0, 0, 0, 0, 0, 0, 0, 0, 0, 0, 0, 0, 0, 0, 0, 0,
       0, 0, 0, 0, 0, 0, 0, 0, 0, 0, 0, 0, 0, 0, 0, 0, 0, 0, 0, 0, 0, 0,
       0, 0, 0, 0, 0, 0, 0, 0, 0, 0, 0, 0, 0, 0, 0, 0, 0, 0, 0, 0, 0, 0,
       0, 0, 0, 0, 0, 0, 0, 0, 0, 0, 0, 0, 0, 0, 0, 0, 0, 0, 0, 0, 0, 0,
       0, 0, 0, 0, 0, 0, 0, 0, 0, 0, 0, 0, 0, 0, 0, 0, 0, 0, 0, 0, 0, 0,
       0, 0, 0, 0, 0, 0, 0, 0, 0, 0, 0, 0, 0, 0, 0, 0, 0, 0, 0, 0, 0, 0,
       0, 0, 0, 0, 0, 0, 0, 0, 0, 0, 0, 0, 0, 0, 0, 0, 0, 0, 0, 0, 0, 0,
       0, 0, 0, 0, 0, 0, 0, 0, 0, 0, 0, 0, 0, 0, 0, 0, 0, 0, 0, 0, 0, 0,
       0, 0, 0, 0, 0, 0, 0, 0, 0, 0, 0, 0, 0, 0, 0, 0, 0, 0, 0, 0, 0, 0,
       0, 0, 0, 0, 0, 0, 0, 0, 0, 0, 0, 0, 0, 0, 0, 0, 0, 0, 0, 0, 0, 0,
       0, 0, 0, 0, 0, 0, 0, 0, 0, 0, 0, 0, 0, 0, 0, 0, 0, 0, 0, 0, 0, 0,
       0, 0, 0, 0, 0, 0, 0, 0, 0, 0, 0, 0, 0, 0, 0, 0, 0, 0, 0, 0, 0, 0,
       0, 0, 0, 0, 0, 0, 0, 0, 0, 0, 0, 0, 0, 0, 0, 0, 0, 0, 0, 0, 0, 0,
       0, 0, 0, 0, 0, 0, 0, 0, 0, 0, 0, 0, 0, 0, 0, 0, 0, 0, 0, 0, 0, 0,
       0, 0, 0, 0, 0, 0, 0, 0, 0, 0, 0, 0, 0, 0, 0, 0, 0, 0, 0, 0, 0, 0,
       0, 0, 0, 0, 0, 0, 0, 0, 0, 0, 0, 0, 0, 0, 0, 0, 0, 0, 0, 0, 0, 0,
       0, 0, 0, 0, 0, 0, 0, 0, 0, 0, 0, 0, 0, 0, 0, 0, 0, 0, 0, 0, 0, 0,
       0, 0, 0, 1, 1, 1, 1, 1, 1, 1, 1, 1, 1, 1, 1, 1, 1, 1, 1, 1, 1, 1,
       1, 1, 1, 1, 1, 1, 1, 1, 1, 1, 1, 1, 1, 1, 1, 1, 1, 1, 1, 1, 1, 1,
       1, 1, 1, 1, 1, 1, 1, 1, 1, 1, 1, 1, 1, 1, 1, 1, 1, 1, 1, 1, 1, 1,
       1, 1, 1, 1, 1, 1, 1, 1, 1, 1, 1, 1, 1, 1, 1, 1, 1, 1, 1, 1, 1, 1,
       1, 1, 1, 1, 1, 1, 1, 1, 1, 1, 1, 1, 1, 1, 1, 1, 1, 1, 1, 1, 1, 1,
       1, 1, 1, 1, 1, 1, 1, 1, 1, 1, 1, 1, 1, 1, 1, 1, 1, 1, 1, 1, 1, 1,
       1, 1, 1, 1, 1, 1, 1, 1, 1, 1, 1, 1, 1, 1, 1, 1, 1, 1, 1, 1, 1, 1,
       1, 1, 1, 1, 1, 1, 1, 1, 1, 1, 1, 1, 1, 1, 1, 1, 1, 1, 1, 1, 1, 1,
       1, 1, 1, 1, 1, 1, 1, 1, 1, 1, 1, 1, 1, 1, 1, 1, 1, 1, 1, 1, 1, 1,
       1, 1, 1, 1, 1, 1, 1, 1, 1, 1, 1, 1, 1, 1, 1, 1, 1, 1, 1, 1, 1, 1,
       1, 1, 1, 1, 1, 1, 1, 1, 1, 1, 1, 1, 1, 1, 1, 1, 1, 1, 1, 1, 1, 1,
       1, 1, 1, 1, 1, 1, 1, 1, 1, 1, 1, 1, 1, 1, 1, 1, 1, 1, 1, 1, 1, 1,
       1, 1, 1, 1, 1, 1, 1, 1, 1, 1, 1, 1, 1, 1, 1, 1, 1, 1, 1, 1, 1, 1,
       1, 1, 1, 1, 1, 1, 1, 1, 1, 1, 1, 1, 1, 1, 1, 1, 1, 1, 1, 1, 1, 1,
       1, 1, 1, 1, 1, 1, 1, 1, 1, 1, 1, 1, 1, 1, 1, 1, 1, 1, 1, 1, 1, 1,
       1, 1, 1, 1, 1, 1, 1, 1, 1, 1, 1, 1, 1, 1, 1, 1, 1, 1, 1, 1, 1, 1,
       1, 1, 1, 1, 1, 1, 1, 1, 1, 1, 1, 1, 1, 1, 1, 1, 1, 1, 1, 1, 1, 1,
       1, 1, 1, 1]), Counter({0: 750, 1: 750}))