(array([[5.39081565e-01, 2.89196444e-01],
       [3.00369086e-02, 6.53635754e-01],
       [3.97198263e-01, 6.41578154e-01],
       [9.88811210e-01, 4.61533010e-01],
       [9.93485008e-01, 9.92571994e-01],
       [2.42675536e-01, 7.26451129e-02],
       [1.59901022e-01, 8.41902731e-01],
       [5.99554729e-01, 9.17462665e-01],
       [9.72169107e-01, 6.54423821e-01],
       [5.35204782e-01, 6.76310316e-02],
       [2.35100631e-02, 8.05294287e-01],
       [5.65652468e-01, 6.73893759e-01],
       [6.38722819e-01, 8.95175650e-01],
       [1.11750019e-01, 4.94450420e-01],
       [3.09194052e-01, 8.29344923e-01],
       [8.77076986e-01, 2.52030168e-01],
       [8.03424801e-02, 2.43223628e-01],
       [3.14615005e-01, 7.69635029e-01],
       [4.09726202e-01, 7.49899622e-01],
       [3.00954693e-01, 5.23742487e-01],
       [1.86368685e-01, 6.45384307e-01],
       [5.13104874e-01, 8.62662216e-01],
       [9.48462831e-01, 5.20018439e-01],
       [6.82555886e-02, 9.37271160e-01],
       [9.44843829e-01, 4.74253803e-01],
       [4.85650579e-01, 9.32535078e-01],
       [5.12418764e-01, 4.20143684e-01],
       [3.69853310e-01, 4.31737646e-01],
       [5.10734461e-01, 3.80158623e-01],
       [6.25446818e-01, 3.82279190e-01],
       [6.94718335e-01, 3.73222122e-01],
       [5.17897205e-01, 7.21243293e-01],
       [9.56670994e-01, 5.28771318e-01],
       [3.20785359e-01, 6.89276287e-01],
       [1.19538499e-01, 3.34611189e-01],
       [3.26998277e-02, 5.52799321e-01],
       [3.69711347e-02, 4.42747866e-01],
       [6.70686472e-03, 8.23193391e-01],
       [4.96487890e-01, 8.50410718e-01],
       [2.64645505e-01, 8.23067930e-01],
       [1.38590367e-01, 8.67421477e-01],
       [3.89693033e-01, 7.32536223e-02],
       [9.15125901e-01, 8.36729936e-01],
       [1.93624164e-01, 5.77449620e-01],
       [4.76253636e-01, 1.42751962e-01],
       [4.25308510e-01, 9.72752527e-01],
       [3.80682232e-01, 7.58852626e-01],
       [6.12242721e-01, 9.02299764e-01],
       [3.42174582e-01, 4.78620021e-01],
       [4.47531250e-01, 1.00909042e-01],
       [4.89085860e-01, 7.62369808e-01],
       [5.74133729e-01, 1.77378827e-01],
       [2.42697294e-01, 4.84068434e-01],
       [1.05714129e-01, 2.00664293e-01],
       [7.39236452e-01, 1.06542516e-01],
       [1.14373797e-01, 1.58705284e-01],
       [5.17714935e-01, 2.13218025e-02],
       [6.86591720e-01, 5.66335262e-01],
       [7.23590615e-01, 5.17462600e-01],
       [3.04071577e-01, 5.97770895e-01],
       [6.99949224e-01, 5.97666620e-01],
       [1.37580187e-01, 4.43002568e-01],
       [5.98501048e-01, 2.22580324e-01],
       [6.49105188e-01, 1.43335880e-01],
       [1.64636458e-01, 4.15010871e-01],
       [2.87854187e-01, 7.19225994e-01],
       [4.14441457e-01, 2.89526358e-01],
       [7.72568224e-01, 1.20250422e-01],
       [2.71979280e-01, 9.80997713e-02],
       [7.44456051e-01, 4.63781272e-01],
       [9.29210370e-02, 9.35994304e-01],
       [7.57239106e-02, 4.49161720e-02],
       [9.00177744e-01, 4.52836481e-01],
       [8.55085866e-01, 5.88422626e-01],
       [1.36525304e-01, 4.81073131e-01],
       [7.61396566e-01, 1.75165352e-02],
       [7.77220235e-01, 3.50558543e-01],
       [5.13542313e-01, 3.21156909e-01],
       [7.88478820e-01, 4.83641033e-01],
       [4.51708990e-01, 6.29241108e-02],
       [7.28071832e-01, 1.73369087e-01],
       [6.04019565e-01, 5.01933748e-03],
       [1.08045133e-01, 6.27353476e-01],
       [2.83365950e-01, 5.96071321e-01],
       [6.91587813e-01, 3.54221833e-01],
       [5.33570684e-01, 3.89509329e-01],
       [4.36888452e-02, 8.44704270e-01],
       [5.30639246e-01, 8.67919079e-01],
       [6.39596514e-01, 6.30419649e-01],
       [1.11223265e-01, 6.20890981e-01],
       [4.31166323e-01, 2.76660658e-01],
       [1.12837534e-01, 1.79321820e-01],
       [7.01078259e-02, 6.60443495e-01],
       [4.24797547e-01, 1.27792020e-01],
       [5.66592629e-01, 8.76568424e-01],
       [9.27274744e-01, 7.79132325e-02],
       [6.20963133e-01, 6.14442402e-01],
       [4.79402997e-01, 3.72853228e-01],
       [4.67140732e-01, 3.42819167e-01],
       [3.92315184e-01, 1.80917692e-01],
       [9.68999911e-01, 3.73723236e-01],
       [2.08334450e-02, 6.68839701e-01],
       [1.44298010e-01, 5.01066329e-01],
       [6.09803208e-01, 8.24470603e-01],
       [6.10859745e-01, 2.26018473e-01],
       [7.03159842e-02, 9.37680220e-01],
       [1.13093386e-01, 5.32142371e-01],
       [8.76220113e-01, 8.38593892e-01],
       [7.56184878e-01, 4.71903125e-02],
       [3.16278735e-02, 5.21470267e-01],
       [9.90888738e-02, 2.22769707e-01],
       [2.55204828e-01, 7.98506742e-01],
       [8.80307077e-01, 8.75443811e-01],
       [1.82162456e-01, 9.98140001e-01],
       [3.46747208e-01, 7.06846395e-01],
       [7.88537063e-01, 2.28452923e-01],
       [9.17646942e-01, 6.19473213e-01],
       [6.92661391e-01, 3.69589474e-01],
       [7.32440655e-01, 1.98163343e-01],
       [3.33005704e-01, 7.06998435e-01],
       [8.68393874e-01, 5.67928430e-01],
       [5.71000118e-01, 7.06991199e-02],
       [4.77673381e-01, 2.05459227e-01],
       [2.94580988e-01, 3.98542580e-01],
       [4.98384296e-01, 3.23220891e-01],
       [7.12589629e-01, 1.17937732e-01],
       [3.87283359e-02, 7.09216181e-01],
       [4.74339176e-01, 9.81390878e-01],
       [6.12255418e-01, 5.74236212e-01],
       [5.73591905e-01, 1.01000007e-01],
       [6.33491663e-01, 4.19140124e-01],
       [3.80395864e-03, 2.96045470e-01],
       [3.91002433e-01, 5.33072983e-01],
       [8.56173599e-01, 6.22437877e-02],
       [1.40850228e-01, 3.66003373e-02],
       [4.75728766e-01, 4.53092576e-01],
       [1.82441668e-02, 3.18429549e-01],
       [4.23819497e-01, 8.06117277e-02],
       [3.00594384e-01, 4.49278849e-01],
       [3.62152652e-01, 6.66104116e-01],
       [3.04466551e-01, 4.14386133e-01],
       [1.26336200e-01, 9.63407778e-01],
       [8.41314581e-01, 1.13279070e-01],
       [8.61237342e-01, 9.15823850e-01],
       [4.53003218e-01, 4.00183438e-01],
       [5.62032645e-01, 6.45653323e-01],
       [4.07354067e-01, 9.71318504e-01],
       [4.87099864e-01, 3.95846519e-01],
       [7.72948665e-01, 4.99006817e-01],
       [4.14676174e-01, 3.54113488e-01],
       [7.34657194e-01, 2.25936702e-01],
       [7.62386034e-01, 3.14549125e-01],
       [1.19571477e-01, 1.06771182e-01],
       [3.89352909e-01, 6.75810497e-01],
       [8.45369359e-01, 1.51361663e-02],
       [9.03828546e-01, 5.51363427e-01],
       [7.30932467e-02, 4.34468909e-01],
       [1.83073283e-01, 9.43714274e-01],
       [4.03063142e-01, 1.22702270e-01],
       [5.60036735e-02, 3.51255623e-01],
       [1.68241269e-01, 4.94766998e-01],
       [5.29367034e-01, 6.63420888e-01],
       [4.32071701e-01, 3.86948662e-01],
       [4.71324859e-01, 4.74776457e-01],
       [8.56230046e-02, 1.42219742e-01],
       [8.53873614e-02, 7.35914223e-01],
       [7.29300049e-01, 7.65557976e-02],
       [2.15846523e-01, 9.39759356e-01],
       [7.31741988e-01, 9.86046954e-03],
       [4.37310262e-01, 9.16275796e-01],
       [7.21090613e-01, 3.28644563e-01],
       [9.58008966e-01, 8.20799104e-01],
       [8.31660207e-02, 5.04891341e-01],
       [2.24727515e-01, 4.43849617e-01],
       [2.26006800e-01, 9.30666505e-01],
       [9.88913051e-01, 3.80961734e-01],
       [1.16496965e-01, 5.76444149e-02],
       [9.48560137e-02, 9.49946136e-01],
       [7.02025298e-01, 2.75551742e-01],
       [9.65379599e-01, 5.95264466e-02],
       [9.05950016e-01, 6.28411533e-02],
       [3.08871812e-01, 2.51537716e-02],
       [4.40816429e-01, 6.70587767e-01],
       [8.57074883e-01, 6.14860544e-01],
       [3.01922849e-02, 4.77905512e-01],
       [9.31794188e-01, 6.51793293e-01],
       [1.25813188e-01, 9.77683280e-01],
       [5.37797085e-03, 9.57243755e-01],
       [6.52853368e-01, 2.87304949e-01],
       [8.28946418e-01, 9.44982744e-01],
       [6.47544629e-01, 8.98725630e-01],
       [7.98037546e-01, 3.65974108e-01],
       [9.31256897e-01, 6.23370367e-01],
       [1.14970697e-01, 8.76420859e-01],
       [5.76089485e-01, 4.53281536e-01],
       [7.51896854e-01, 1.39501523e-01],
       [4.02715727e-01, 3.12100903e-01],
       [9.40249668e-01, 9.65397668e-01],
       [4.91866866e-01, 7.06907394e-01],
       [6.03537522e-01, 3.31974283e-01],
       [9.21953285e-01, 7.15688573e-01],
       [8.62450898e-01, 5.20919568e-03],
       [9.99077163e-02, 6.56812618e-01],
       [2.72703528e-01, 8.81029709e-01],
       [5.12309847e-01, 8.61625479e-01],
       [9.74152009e-01, 8.01875316e-01],
       [7.99181534e-01, 1.85935260e-01],
       [9.90128628e-01, 6.75639952e-01],
       [3.49302283e-01, 9.62511757e-01],
       [8.47000823e-02, 1.69164850e-03],
       [4.52381109e-01, 6.88320940e-01],
       [2.26530596e-01, 9.42821400e-01],
       [2.02975481e-02, 9.56741544e-01],
       [6.25848206e-01, 4.71485058e-01],
       [6.08071176e-01, 6.32497177e-01],
       [2.23441654e-02, 4.96077689e-01],
       [8.58595161e-01, 5.49187398e-01],
       [5.30429032e-01, 5.39078691e-01],
       [2.71261365e-01, 7.50619887e-01],
       [4.19796508e-01, 3.08004905e-02],
       [3.58932257e-01, 4.50403632e-01],
       [9.19892792e-01, 7.50886068e-01],
       [8.62850088e-01, 4.40898760e-01],
       [8.09262790e-01, 9.03920556e-01],
       [6.30842108e-01, 8.43097741e-02],
       [5.67951052e-01, 1.26357726e-01],
       [1.77396259e-01, 9.20623176e-02],
       [2.00184257e-01, 8.63318093e-01],
       [1.97324765e-01, 9.50517940e-01],
       [2.83254157e-02, 5.97718654e-01],
       [2.19595685e-01, 9.94803012e-01],
       [9.29567279e-02, 6.41974779e-01],
       [7.70938046e-01, 4.94465369e-01],
       [4.52653390e-01, 7.65151562e-01],
       [7.89388139e-01, 3.63662199e-02],
       [2.59676124e-01, 9.54401481e-02],
       [9.46031882e-02, 7.62430308e-01],
       [9.41573785e-01, 1.95470776e-01],
       [8.18340219e-01, 8.84391938e-01],
       [6.90793391e-01, 1.38311291e-01],
       [3.98415033e-01, 1.98223261e-02],
       [5.21745499e-01, 6.81651459e-01],
       [4.16353695e-01, 7.76479440e-01],
       [7.01770682e-01, 9.35928554e-02],
       [6.72402957e-01, 9.22931910e-01],
       [3.06337586e-01, 7.64014949e-01],
       [4.67195992e-01, 7.14189865e-01],
       [9.11457985e-01, 1.10255515e-01],
       [9.79844828e-01, 6.89582589e-01],
       [4.32188963e-02, 5.15615363e-01],
       [8.47808407e-01, 5.78888265e-01],
       [1.67539759e-01, 8.69614179e-01],
       [9.30120313e-01, 3.39302742e-01],
       [6.63260861e-02, 3.74847633e-01],
       [2.28310424e-01, 8.32684515e-01],
       [6.60766807e-01, 5.83664179e-01],
       [6.88895218e-01, 2.08426888e-01],
       [7.88642944e-01, 4.72537431e-01],
       [9.59519431e-01, 6.41300360e-01],
       [5.60068125e-01, 2.82172479e-02],
       [2.58024561e-03, 3.38290778e-01],
       [4.80217290e-01, 1.05051472e-01],
       [2.25722099e-01, 6.65407747e-01],
       [4.02720936e-01, 9.08967527e-01],
       [7.44506184e-01, 3.95014589e-01],
       [2.72599503e-01, 4.22717500e-01],
       [8.32374295e-01, 8.76918603e-01],
       [8.00015817e-01, 2.86104803e-01],
       [4.75493432e-01, 5.66785856e-01],
       [6.69072016e-01, 5.02247953e-01],
       [7.41939849e-02, 6.42286188e-01],
       [1.49466658e-02, 4.96377777e-01],
       [9.90025412e-01, 6.87389395e-03],
       [3.02316644e-02, 2.31034069e-01],
       [5.96942502e-01, 5.18527789e-01],
       [9.58840146e-01, 4.21919089e-01],
       [5.09954496e-01, 1.90038000e-01],
       [2.73278588e-01, 8.05551589e-01],
       [4.94869484e-01, 3.94196254e-01],
       [4.92866395e-01, 3.45069697e-01],
       [5.34325856e-01, 2.32228572e-01],
       [3.08391132e-01, 1.41619704e-02],
       [1.12275377e-01, 5.75169052e-01],
       [8.33968726e-01, 9.67922847e-01],
       [2.63780532e-01, 6.68249938e-01],
       [9.30680909e-01, 7.68991328e-01],
       [3.24007420e-01, 6.51068751e-01],
       [8.73317176e-01, 3.44611801e-01],
       [7.13462667e-01, 1.05579453e-01],
       [2.02323784e-01, 9.45859609e-01],
       [6.07206790e-01, 1.39463744e-01],
       [2.00699373e-02, 2.15562722e-01],
       [5.11070979e-01, 2.90671716e-01],
       [6.82301797e-01, 4.83010792e-02],
       [4.37391826e-02, 4.63240775e-01],
       [3.70279026e-01, 5.28228979e-02],
       [2.56245001e-01, 9.49162243e-01],
       [9.32983438e-01, 5.30316586e-01],
       [1.92643660e-01, 4.82459381e-01],
       [5.95354462e-01, 1.71754165e-02],
       [8.31150747e-01, 3.20027482e-01],
       [6.12435790e-01, 2.06076174e-01],
       [7.67644659e-01, 5.88300009e-01],
       [6.15655237e-01, 5.74068188e-01],
       [6.83702716e-02, 1.29968436e-01],
       [9.29717274e-01, 2.95086197e-01],
       [4.43177315e-01, 2.34795107e-01],
       [9.33993604e-01, 3.78036376e-01],
       [4.58531539e-01, 7.32909438e-02],
       [4.09750216e-01, 1.25520488e-01],
       [4.85046306e-01, 4.19340488e-01],
       [1.35163677e-01, 7.06678813e-01],
       [6.73981034e-01, 8.13599954e-02],
       [4.79186060e-01, 9.02446967e-01],
       [7.22516178e-01, 3.16012192e-01],
       [7.04743325e-01, 5.80347755e-01],
       [9.61712101e-01, 9.55514904e-01],
       [7.01670800e-01, 3.99774190e-01],
       [4.54281145e-01, 9.99877574e-01],
       [9.51901501e-01, 4.51932414e-01],
       [5.21908669e-02, 6.88526197e-01],
       [5.06760143e-01, 1.47034543e-01],
       [1.36324329e-02, 9.86009377e-01],
       [3.18714706e-02, 7.49215852e-01],
       [9.15113797e-01, 9.04941725e-01],
       [6.21276747e-01, 4.41884538e-02],
       [3.69493733e-01, 6.43115351e-01],
       [8.28358765e-01, 1.51914870e-01],
       [1.48838821e-01, 1.15216876e-01],
       [3.85967356e-01, 5.16931262e-01],
       [1.85642203e-01, 7.87195544e-01],
       [8.55589244e-01, 4.58615243e-01],
       [3.27177369e-01, 5.24934628e-01],
       [1.76377335e-01, 1.04521895e-01],
       [8.78231886e-01, 3.80845214e-01],
       [1.74253671e-01, 6.27174558e-02],
       [6.19638440e-01, 3.51128408e-02],
       [8.21452407e-02, 5.38381876e-01],
       [5.17514935e-01, 4.90335178e-01],
       [9.99404407e-02, 6.52371292e-01],
       [6.42876083e-02, 9.27256814e-01],
       [5.50338718e-01, 2.14552627e-01],
       [6.07850802e-01, 5.72923861e-01],
       [1.91092274e-01, 9.09355971e-01],
       [6.80664522e-01, 1.86152923e-01],
       [5.66916358e-01, 7.18075449e-01],
       [3.32734001e-02, 1.57766564e-02],
       [9.69808602e-01, 3.56598932e-01],
       [8.41767995e-02, 5.41944888e-01],
       [1.48619138e-01, 9.94435532e-01],
       [9.02710163e-01, 1.15204667e-01],
       [1.84842743e-01, 6.10187775e-01],
       [8.88491488e-01, 6.34442915e-01],
       [1.32470733e-01, 7.53316642e-01],
       [1.05009078e-01, 6.83802253e-01],
       [7.78503804e-01, 3.87671218e-01],
       [3.16196215e-01, 5.26721610e-01],
       [6.50345884e-01, 3.19903116e-01],
       [5.79863641e-01, 4.25418266e-01],
       [2.83451400e-01, 6.53466712e-01],
       [1.10246082e-01, 6.96427869e-01],
       [9.05457218e-01, 8.25977432e-01],
       [7.20944510e-01, 8.16345826e-02],
       [2.12824070e-01, 4.22990457e-02],
       [3.88212437e-01, 3.32825797e-01],
       [9.70495177e-01, 2.49830562e-02],
       [2.04009290e-01, 5.36148335e-01],
       [2.60753320e-01, 9.95637246e-01],
       [8.30607283e-01, 5.09320945e-01],
       [3.07122804e-01, 5.88376394e-01],
       [4.37915436e-01, 1.67782134e-01],
       [1.46632803e-03, 9.42572547e-01],
       [8.87592047e-01, 1.41360632e-02],
       [8.04355084e-01, 9.04663283e-01],
       [8.35450431e-01, 4.73183204e-01],
       [7.90977243e-02, 5.39204204e-01],
       [3.49773253e-01, 9.11616298e-01],
       [9.85316528e-01, 4.65392350e-01],
       [7.34622901e-01, 3.66892729e-02],
       [1.69669535e-01, 8.85358551e-01],
       [9.57719908e-01, 8.08268089e-01],
       [5.32018822e-01, 7.89492270e-01],
       [8.55833623e-01, 3.11329864e-01],
       [6.12100651e-01, 4.88973186e-01],
       [4.19095347e-01, 6.91940514e-01],
       [3.33488083e-01, 1.07094171e-01],
       [4.45966114e-01, 4.55356805e-01],
       [3.74036834e-01, 7.68080825e-01],
       [5.75986827e-01, 8.71286167e-02],
       [6.00180253e-01, 7.89230186e-01],
       [6.18851378e-01, 3.10258575e-01],
       [8.74014845e-01, 5.50385495e-01],
       [1.20170279e-04, 7.52692187e-02],
       [9.61389886e-01, 1.34751650e-01],
       [6.64804650e-01, 4.09420790e-02],
       [8.94550080e-01, 4.01693706e-03],
       [1.32835016e-01, 8.22368144e-01],
       [8.36406583e-01, 1.29148724e-01],
       [5.57923981e-01, 1.80710285e-01],
       [5.60249060e-02, 4.15362536e-01],
       [9.96701888e-01, 4.58069165e-02],
       [8.13913179e-01, 3.73945469e-01],
       [3.08012207e-01, 5.79652271e-01],
       [7.21101392e-02, 8.10761724e-01],
       [3.76916605e-01, 7.69552555e-01],
       [3.71614313e-01, 4.91139537e-01],
       [9.77839090e-01, 5.99272887e-01],
       [1.54629112e-01, 7.09976891e-01],
       [6.00614562e-01, 9.09110740e-01],
       [3.90103237e-01, 3.57168616e-01],
       [8.58967660e-01, 2.86337320e-03],
       [7.09225534e-01, 4.25449279e-01],
       [1.16754667e-01, 3.46532652e-01],
       [1.70086603e-01, 7.15122340e-02],
       [5.55690846e-01, 5.02408257e-01],
       [5.88227494e-02, 2.20068657e-02],
       [4.13827215e-01, 1.90849181e-01],
       [4.11387883e-01, 6.49954939e-01],
       [4.62295222e-01, 1.71224641e-01],
       [6.82136743e-01, 9.43972600e-01],
       [6.68066342e-01, 8.96764813e-01],
       [7.03034688e-01, 3.20046741e-01],
       [9.80330137e-01, 5.58463607e-01],
       [7.91174209e-03, 5.15794900e-01],
       [6.60862707e-01, 5.12466296e-01],
       [2.93103891e-01, 8.17148369e-01],
       [4.12110028e-01, 8.49445091e-01],
       [5.73070479e-02, 2.47472868e-01],
       [4.26974951e-02, 5.09735797e-01],
       [8.70255349e-01, 9.71440891e-01],
       [7.83630810e-02, 3.61931448e-01],
       [9.82476873e-01, 5.91745114e-01],
       [2.72070421e-01, 6.27924090e-01],
       [6.19978414e-01, 9.44970592e-01],
       [4.56899488e-01, 8.80104030e-01],
       [6.96858497e-01, 9.47186938e-02],
       [3.93669311e-01, 3.25960552e-01],
       [8.41006986e-01, 4.87472053e-01],
       [8.09959757e-04, 4.57141063e-01],
       [3.34982019e-01, 7.54504088e-01],
       [5.77898315e-01, 4.89137559e-01],
       [9.05820885e-01, 9.49458451e-01],
       [3.47338288e-01, 9.15281149e-01],
       [2.58350418e-01, 8.77095800e-01],
       [6.14363136e-01, 3.40342215e-01],
       [8.98213310e-01, 6.42296417e-01],
       [5.83589388e-01, 1.61469804e-01],
       [7.37532794e-01, 1.93920741e-01],
       [6.62628077e-01, 2.51862434e-02],
       [7.25901001e-03, 5.03176787e-01],
       [9.68930673e-01, 9.62275911e-01],
       [9.97965558e-01, 9.20912895e-01],
       [2.18901698e-01, 9.67692866e-01],
       [7.56388451e-01, 3.70385754e-01],
       [3.54330724e-01, 1.35108750e-02],
       [7.73004887e-01, 4.75013758e-01],
       [7.66607229e-01, 9.40330066e-01],
       [1.74831534e-01, 5.72935828e-01],
       [1.80587564e-02, 2.43934454e-01],
       [5.91249023e-01, 2.56449937e-01],
       [8.20167701e-01, 3.28131350e-01],
       [6.24372256e-01, 3.16573051e-01],
       [5.84525560e-02, 3.08693117e-01],
       [3.89944147e-01, 7.25025599e-01],
       [1.25673192e-01, 3.49793050e-01],
       [3.79283182e-01, 3.74171851e-01],
       [4.96011645e-02, 3.48919687e-01],
       [3.53489442e-01, 6.68868362e-01],
       [7.65920474e-01, 4.31690025e-01],
       [5.38467834e-01, 3.14262467e-01],
       [4.60203100e-02, 3.52430132e-01],
       [6.69411882e-01, 2.57380247e-01],
       [8.65506218e-01, 7.30963984e-02],
       [8.38158413e-01, 1.11153013e-01],
       [9.16629092e-01, 3.90501785e-01],
       [6.41477074e-01, 4.60799310e-01],
       [8.91530838e-01, 6.36639329e-01],
       [8.82460933e-02, 7.25217199e-01],
       [9.41989956e-01, 8.63620826e-01],
       [7.41054038e-01, 4.56532560e-01],
       [7.44632346e-01, 1.82759475e-01],
       [5.57725120e-01, 9.31256286e-01],
       [6.73125130e-01, 5.71261814e-01],
       [6.89387358e-01, 4.42283029e-01],
       [4.46047286e-01, 4.40039244e-01],
       [9.49473681e-01, 2.76301616e-01],
       [3.93997211e-01, 5.75735797e-01],
       [3.89543863e-01, 7.18650945e-01],
       [3.11078719e-01, 5.31020642e-01],
       [6.96883247e-01, 6.10345427e-02],
       [4.95161881e-01, 3.44034083e-01],
       [9.62811702e-01, 6.76846884e-01],
       [4.22359365e-01, 2.69432873e-01],
       [5.86015317e-01, 2.42476773e-02],
       [5.20301256e-01, 6.36277198e-01],
       [5.83007204e-01, 4.81628616e-01],
       [6.82466576e-01, 1.65684888e-01],
       [8.52254663e-01, 5.69646346e-01],
       [9.54656760e-01, 8.77995515e-01],
       [6.57782632e-01, 4.06363841e-01],
       [7.31261538e-01, 5.88319525e-01],
       [7.79980105e-04, 4.52126155e-01],
       [7.45627393e-01, 2.95488671e-01],
       [3.81212855e-01, 7.83995280e-01],
       [8.60203622e-01, 9.39651854e-01],
       [2.22417901e-01, 6.41064165e-01],
       [9.06898025e-02, 3.22683916e-01],
       [7.36925760e-01, 5.68355644e-01],
       [9.95280842e-01, 3.49083869e-01],
       [9.78616550e-01, 5.95771808e-01],
       [1.80061744e-01, 8.54695073e-01],
       [5.62149293e-01, 7.97810668e-01],
       [5.69482091e-01, 7.61728347e-01],
       [5.77542303e-01, 8.44480174e-01],
       [9.82028474e-01, 1.87134794e-01],
       [1.76822758e-01, 4.04318285e-01],
       [9.72052297e-01, 8.33930038e-01],
       [8.81371674e-03, 4.38056363e-01],
       [9.65833513e-01, 2.07032337e-01],
       [2.37511044e-01, 5.78524467e-01],
       [3.72102202e-01, 7.42124089e-01],
       [6.61528801e-01, 5.33788244e-01],
       [1.60656378e-01, 4.96509314e-01],
       [2.40896567e-01, 9.89319901e-01],
       [8.99966580e-01, 3.01178454e-01],
       [8.45395071e-01, 1.96649872e-01],
       [7.09805337e-01, 3.02815232e-01],
       [7.40730607e-01, 9.96660104e-01],
       [8.83976174e-01, 6.75948265e-02],
       [7.67614343e-02, 4.17030937e-01],
       [8.47378791e-01, 2.77214350e-01],
       [9.79612130e-01, 6.72518452e-01],
       [4.78582911e-01, 8.50051434e-01],
       [2.87665525e-01, 6.75195650e-01],
       [5.45659032e-02, 2.70514175e-01],
       [3.71340413e-01, 6.91629309e-01],
       [1.53222071e-01, 3.80669784e-01],
       [1.77185214e-01, 7.96612282e-01],
       [5.82020437e-01, 9.48543944e-01],
       [7.46969330e-02, 7.07809665e-01],
       [2.44096107e-01, 4.75903039e-01],
       [5.37296737e-01, 4.33729286e-01],
       [9.73428876e-01, 8.37246237e-01],
       [4.31446014e-02, 5.53305698e-01],
       [8.02745203e-01, 9.45760782e-01],
       [2.62605431e-01, 4.16679971e-01],
       [1.41765517e-01, 6.90025129e-01],
       [1.94188638e-02, 1.95964124e-01],
       [9.68494001e-01, 3.77017515e-01],
       [3.51984667e-02, 8.24814992e-01],
       [7.14271021e-01, 9.80181714e-01],
       [9.62887433e-01, 8.72518648e-01],
       [4.52311631e-01, 5.30988662e-01],
       [3.08937856e-01, 7.05396774e-01],
       [2.31380040e-01, 5.61002584e-01],
       [5.03022306e-01, 3.51564827e-01],
       [3.60483598e-01, 9.43513768e-01],
       [9.99323713e-01, 3.34177146e-01],
       [1.21041369e-02, 7.82937726e-01],
       [3.68658902e-01, 6.00426709e-01],
       [8.66984601e-01, 1.66220617e-01],
       [2.32106393e-01, 9.32051387e-01],
       [8.00646270e-01, 9.39035747e-02],
       [3.87146058e-01, 7.10311972e-01],
       [7.75044720e-01, 9.94901584e-01],
       [5.11716659e-01, 2.48114985e-02],
       [5.94341425e-01, 2.12802855e-01],
       [8.44150777e-01, 2.76495336e-01],
       [3.20976962e-01, 4.40851317e-01],
       [6.79227232e-01, 4.55369390e-01],
       [2.25723081e-01, 4.42970386e-01],
       [9.26785728e-01, 5.63278948e-02],
       [4.01293027e-01, 9.12312337e-01],
       [5.49143058e-01, 7.02930961e-01],
       [1.38201544e-01, 5.75368367e-01],
       [2.17864624e-01, 8.22855490e-01],
       [9.89668795e-01, 5.90577086e-01],
       [4.75512750e-01, 1.23567684e-01],
       [2.86227344e-01, 4.48679686e-01],
       [6.78269356e-02, 2.98069110e-01],
       [5.63584167e-02, 4.59018748e-01],
       [1.69676073e-01, 6.03437602e-01],
       [8.40672729e-01, 3.28429890e-01],
       [3.37379675e-01, 9.19007276e-01],
       [4.70111311e-02, 7.80614248e-02],
       [1.14954538e-01, 3.40943101e-01],
       [2.82559490e-01, 7.72694774e-01],
       [8.43069401e-01, 4.59499554e-01],
       [6.04609818e-01, 9.08067046e-01],
       [8.37674996e-01, 9.96967966e-01],
       [7.12682169e-01, 5.93776853e-01],
       [4.24027611e-01, 1.84087148e-01],
       [6.35094457e-01, 5.40924231e-01],
       [9.18481700e-03, 4.91678023e-01],
       [1.57875757e-03, 2.94744228e-01],
       [4.82849709e-01, 8.36253457e-01],
       [5.19133766e-01, 5.94857089e-01],
       [5.12662358e-01, 1.24540259e-02],
       [1.71599984e-01, 8.58092861e-01],
       [8.46838908e-02, 1.75436083e-01],
       [5.95624822e-01, 6.81297547e-01],
       [6.06448935e-01, 2.59864560e-02],
       [4.89143213e-01, 8.67933052e-01],
       [8.68843257e-01, 5.81470897e-01],
       [9.77358901e-02, 3.99947984e-01],
       [5.79564376e-01, 7.04454455e-01],
       [1.79760072e-01, 3.86557236e-01],
       [2.42583449e-01, 7.78017659e-01],
       [5.39090098e-01, 4.83489931e-01],
       [4.63261230e-01, 8.60841524e-01],
       [5.32104743e-01, 6.32773582e-01],
       [5.49924847e-01, 2.64179360e-01],
       [4.15630169e-01, 2.60266065e-01],
       [4.18360657e-01, 2.96017588e-01],
       [1.93393621e-01, 3.88420137e-02],
       [1.51318668e-01, 7.05233487e-01],
       [2.58216122e-01, 5.94283416e-01],
       [7.27875162e-01, 2.30276743e-01],
       [8.93606947e-01, 4.61301871e-01],
       [1.52538162e-02, 4.87039866e-02],
       [7.36499042e-01, 3.69495953e-01],
       [5.01650868e-01, 1.66988874e-01],
       [3.77683600e-01, 6.87093887e-01],
       [6.54322387e-01, 3.68811399e-02],
       [6.53152936e-01, 9.16824219e-01],
       [4.39279876e-01, 5.11648394e-01],
       [3.82993752e-01, 6.76205381e-01],
       [6.29256306e-02, 4.08007166e-01],
       [8.44703421e-01, 8.23560470e-02],
       [5.91868774e-01, 3.76636028e-01],
       [9.24722194e-02, 7.55128243e-01],
       [6.20547691e-01, 2.75194247e-02],
       [4.93668226e-01, 4.75907038e-01],
       [6.46133631e-01, 1.76244197e-01],
       [4.62718861e-01, 4.09576210e-01],
       [2.12022227e-01, 7.54937841e-01],
       [6.01379434e-01, 8.64924718e-01],
       [4.59292210e-01, 9.06107475e-01],
       [4.55088712e-01, 3.62715870e-01],
       [5.95911445e-01, 3.04149221e-01],
       [6.09709651e-01, 6.03639425e-01],
       [4.12401932e-01, 5.21354662e-01],
       [7.68046807e-01, 8.48817389e-02],
       [5.52841685e-01, 1.81348298e-02],
       [4.52060197e-01, 4.53074139e-01],
       [5.79948576e-01, 9.97031618e-01],
       [7.11833131e-01, 5.70388478e-01],
       [6.68500065e-02, 4.69946733e-01],
       [9.77706130e-01, 7.90726498e-01],
       [4.38827883e-02, 7.33525761e-01],
       [8.95771018e-02, 7.36458492e-01],
       [8.82375311e-01, 5.56119168e-01],
       [6.49557452e-01, 4.47997075e-01],
       [9.96475878e-01, 1.26600233e-01],
       [1.03167272e-01, 8.28822011e-01],
       [2.24191835e-01, 7.47636480e-01],
       [8.69805950e-02, 5.02890507e-02],
       [4.40814813e-01, 3.52638328e-01],
       [2.84031280e-01, 9.05330484e-01],
       [9.72362610e-02, 6.11724145e-01],
       [6.60502350e-01, 1.16571993e-01],
       [4.02648794e-01, 3.18673411e-01],
       [5.57579431e-01, 9.55009499e-01],
       [4.67136637e-01, 7.73478284e-01],
       [1.12490766e-01, 1.75200669e-01],
       [8.12857447e-01, 9.85153481e-01],
       [2.42610608e-01, 5.91287650e-01],
       [4.19501698e-01, 4.91081089e-01],
       [8.96495568e-01, 9.77772382e-01],
       [2.71994686e-01, 9.40123882e-01],
       [4.63432047e-01, 8.49559532e-01],
       [1.33220090e-01, 8.98360499e-01],
       [4.08310860e-01, 1.08182135e-01],
       [4.46888536e-02, 3.51788780e-01],
       [4.82730223e-01, 6.72304036e-01],
       [1.36013142e-01, 4.91987205e-01],
       [6.25515198e-01, 6.24473640e-01],
       [3.17008053e-01, 7.97139778e-01],
       [2.71527129e-01, 6.81896802e-01],
       [6.06775247e-01, 8.48456489e-02],
       [1.78481873e-01, 6.74878119e-01],
       [8.59029134e-01, 9.03463695e-01],
       [9.25064395e-01, 9.98615858e-01],
       [9.03037110e-01, 3.10906767e-01],
       [1.50339649e-01, 4.96792995e-01],
       [3.75875707e-01, 3.99611278e-01],
       [1.69705829e-01, 1.13691607e-01],
       [8.16128011e-01, 9.39833538e-01],
       [9.15575079e-01, 4.80105781e-02],
       [7.50427511e-01, 4.70353684e-01],
       [2.77406946e-01, 4.24594633e-01],
       [4.42396918e-01, 8.49711992e-01],
       [8.51475673e-01, 8.75920103e-02],
       [1.29713791e-01, 1.05370572e-01],
       [8.96917505e-01, 9.23156012e-01],
       [2.22116756e-01, 7.43387743e-01],
       [5.74259617e-01, 2.74138495e-01],
       [3.40643376e-01, 9.98899765e-01],
       [4.13491785e-01, 1.21484182e-02],
       [4.16800464e-02, 1.31815902e-01],
       [4.97888342e-01, 5.92034091e-02],
       [4.06837995e-01, 2.28198544e-01],
       [3.40913925e-01, 7.03242645e-01],
       [5.76731952e-01, 8.76812627e-01],
       [2.56055934e-01, 1.10632971e-02],
       [8.83160004e-02, 6.43809689e-01],
       [7.22146040e-01, 2.35927098e-01],
       [6.65569984e-01, 8.78566682e-01],
       [3.52956439e-01, 9.85530674e-01],
       [1.42884410e-01, 9.23974044e-01],
       [1.39928832e-02, 6.66466486e-01],
       [4.57069985e-01, 3.95901893e-01],
       [9.12499798e-01, 6.48102330e-01],
       [4.25708488e-01, 9.91067256e-02],
       [5.83853752e-02, 7.92390192e-01],
       [5.22185135e-01, 9.50568615e-01],
       [6.87692248e-01, 3.16757385e-01],
       [4.51022123e-01, 1.22232370e-01],
       [8.69767563e-01, 2.05829403e-01],
       [6.72756406e-01, 9.72616279e-01],
       [4.28990314e-01, 7.60776554e-01],
       [6.85596725e-01, 9.95992673e-01],
       [7.31812650e-01, 5.17249379e-01],
       [9.50696783e-01, 7.08390337e-01],
       [1.16806879e-01, 4.24809628e-01],
       [8.89275614e-01, 6.87374011e-01],
       [2.72146682e-01, 8.20856205e-01],
       [6.75634579e-01, 4.77466491e-01],
       [9.93000654e-01, 8.72942250e-01],
       [1.70591807e-01, 8.23768970e-01],
       [6.71639659e-01, 9.31261754e-01],
       [7.61694723e-01, 2.37262807e-01],
       [8.78862622e-01, 3.10967078e-01],
       [8.04309180e-02, 4.84351359e-01],
       [9.50823246e-01, 6.96003088e-01],
       [1.23598706e-01, 3.63974306e-01],
       [1.85952072e-01, 8.21311294e-01],
       [7.34790342e-01, 1.59041069e-01],
       [7.93054630e-01, 6.02458086e-03],
       [1.06344687e-01, 6.94525774e-01],
       [9.32375792e-02, 4.00677219e-01],
       [1.75404410e-01, 8.82095212e-01],
       [9.97639155e-01, 5.19367310e-01],
       [2.03392799e-01, 7.45096115e-01],
       [5.17225643e-01, 9.60226710e-01],
       [8.95630567e-01, 8.77840096e-01],
       [5.21122237e-01, 9.67956066e-01],
       [9.20762504e-01, 9.00183848e-01],
       [7.83066929e-01, 3.92608892e-01],
       [9.26462838e-01, 7.05190206e-02],
       [3.50790978e-01, 3.09024455e-01],
       [1.08153367e-01, 2.94129957e-01],
       [1.08863537e-01, 2.76144374e-01],
       [2.76949985e-01, 2.31731356e-01],
       [2.00719968e-01, 1.43255212e-01],
       [3.38136614e-01, 2.87546486e-01],
       [2.89454464e-01, 2.96516912e-01],
       [3.56549455e-01, 2.81530188e-01],
       [3.28258046e-01, 3.44166711e-01],
       [2.57086853e-01, 3.57609150e-01],
       [2.93086095e-01, 3.92834317e-01],
       [1.53187516e-01, 2.00119752e-01],
       [2.72658845e-01, 1.75097478e-01],
       [1.15228241e-01, 2.64658084e-01],
       [1.77059952e-01, 2.82811314e-01],
       [3.64406768e-01, 1.95114846e-01],
       [2.75278345e-01, 3.49213993e-01],
       [3.54474491e-01, 3.26319471e-01],
       [2.73269322e-01, 1.10956701e-01],
       [1.54422724e-01, 1.95644660e-01],
       [1.37918511e-01, 3.30265383e-01],
       [2.03499600e-01, 2.43923096e-01],
       [3.06392191e-01, 3.29226578e-01],
       [2.88682737e-01, 3.62908646e-01],
       [3.79738357e-01, 2.96999474e-01],
       [3.27298375e-01, 1.83913373e-01],
       [2.91476557e-01, 3.42354300e-01],
       [3.46310665e-01, 3.57048766e-01],
       [2.34531847e-01, 2.30971991e-01],
       [1.07649248e-01, 2.93833933e-01],
       [2.45619778e-01, 3.56266315e-01],
       [2.98527969e-01, 3.24359210e-01],
       [1.85489201e-01, 1.79740186e-01],
       [3.27338325e-01, 2.95610494e-01],
       [3.55401537e-01, 2.82982167e-01],
       [3.48144569e-01, 2.18082619e-01],
       [2.53222747e-01, 2.22241982e-01],
       [3.23920733e-01, 1.70106613e-01],
       [2.93746085e-01, 2.01375509e-01],
       [2.17528455e-01, 1.14942009e-01],
       [1.49630720e-01, 3.38565375e-01],
       [1.10965040e-01, 2.52149397e-01],
       [1.99301906e-01, 3.07253884e-01],
       [1.80585617e-01, 2.25085575e-01],
       [2.27276829e-01, 3.53943249e-01],
       [2.86685482e-01, 2.63937369e-01],
       [1.81043137e-01, 2.22345236e-01],
       [1.80544737e-01, 2.90116401e-01],
       [3.83837273e-01, 3.03488328e-01],
       [1.42830030e-01, 3.21413192e-01],
       [2.03779930e-01, 1.45279624e-01],
       [3.50683338e-01, 3.06227233e-01],
       [1.38672583e-01, 2.76113057e-01],
       [3.65276173e-01, 2.59390100e-01],
       [3.36567071e-01, 2.62420019e-01],
       [3.13828105e-01, 2.44123103e-01],
       [2.65594048e-01, 3.17093295e-01],
       [3.80030777e-01, 2.93377756e-01],
       [3.25713925e-01, 1.80959182e-01],
       [2.17781917e-01, 3.94645662e-01],
       [3.79982922e-01, 3.15750919e-01],
       [1.28676109e-01, 3.30767738e-01],
       [3.96326751e-01, 2.38255837e-01],
       [2.43994225e-01, 2.16092597e-01],
       [3.52247073e-01, 2.99530494e-01],
       [3.86866047e-01, 2.47391043e-01],
       [1.76775845e-01, 3.67367181e-01],
       [1.94304300e-01, 2.69429967e-01],
       [2.39660116e-01, 3.02530199e-01],
       [2.26835435e-01, 2.81661601e-01],
       [1.75336498e-01, 1.21477563e-01],
       [1.33923092e-01, 2.81924366e-01],
       [1.71323055e-01, 2.02754708e-01],
       [2.77839449e-01, 2.09099584e-01],
       [1.83488588e-01, 2.72975648e-01],
       [1.69901676e-01, 1.68975427e-01],
       [2.14369188e-01, 3.35001443e-01],
       [1.57267175e-01, 1.56924611e-01],
       [1.58323469e-01, 1.37032301e-01],
       [3.56511282e-01, 1.75846857e-01],
       [1.62935278e-01, 1.50147744e-01],
       [1.65486336e-01, 2.07489962e-01],
       [3.07225245e-01, 3.16198474e-01],
       [3.26192958e-01, 3.63892627e-01],
       [3.24739698e-01, 1.49569486e-01],
       [3.22703577e-01, 2.19027945e-01],
       [3.07352698e-01, 3.86390846e-01],
       [2.70153164e-01, 3.26557019e-01],
       [2.94319076e-01, 2.33696028e-01],
       [2.67187873e-01, 2.53126759e-01],
       [3.17355471e-01, 3.51850021e-01],
       [2.38983193e-01, 3.27146044e-01],
       [1.84786128e-01, 1.76380320e-01],
       [3.15072788e-01, 1.17264719e-01],
       [2.54147203e-01, 2.87401214e-01],
       [1.40713501e-01, 1.74306497e-01],
       [2.76612245e-01, 1.04373361e-01],
       [1.80218115e-01, 3.68227119e-01],
       [1.86560563e-01, 1.84906685e-01],
       [2.10084091e-01, 3.17175654e-01],
       [2.00041021e-01, 1.45203815e-01],
       [2.99372942e-01, 3.09197506e-01],
       [1.69425864e-01, 2.66146756e-01],
       [1.54488960e-01, 3.01388815e-01],
       [3.86591886e-01, 2.08714790e-01],
       [2.48192761e-01, 3.77178154e-01],
       [3.63388317e-01, 2.43740968e-01],
       [1.89362492e-01, 1.68454816e-01],
       [2.75200154e-01, 1.43127982e-01],
       [3.55933094e-01, 3.39920061e-01],
       [3.33522463e-01, 1.51076481e-01],
       [2.46484706e-01, 3.03619654e-01],
       [1.23571480e-01, 3.29426304e-01],
       [2.84569104e-01, 2.85044677e-01],
       [1.94079366e-01, 1.17551957e-01],
       [2.07038684e-01, 3.49097125e-01],
       [1.31966149e-01, 1.82191331e-01],
       [1.74330534e-01, 3.03669647e-01],
       [1.96228079e-01, 1.87052261e-01],
       [1.58351515e-01, 2.41475184e-01],
       [2.61736316e-01, 1.67124024e-01],
       [2.74978910e-01, 3.78492097e-01],
       [1.80471167e-01, 2.83724541e-01],
       [2.90496209e-01, 2.28886741e-01],
       [2.14645328e-01, 1.79604656e-01],
       [1.80430851e-01, 2.01130490e-01],
       [2.81960640e-01, 1.84737748e-01],
       [1.89920365e-01, 1.40290340e-01],
       [2.97884556e-01, 3.13573742e-01],
       [1.91803760e-01, 1.69258669e-01],
       [3.14339998e-01, 2.78977048e-01],
       [2.02675406e-01, 1.24492745e-01],
       [1.89546707e-01, 2.76770543e-01],
       [1.48925159e-01, 2.73224354e-01],
       [2.00314202e-01, 2.97185377e-01],
       [2.98572474e-01, 1.26970724e-01],
       [1.64147691e-01, 1.65654484e-01],
       [2.84380508e-01, 3.70936093e-01],
       [2.83246793e-01, 3.26550371e-01],
       [3.01998641e-01, 2.95674030e-01],
       [2.32648668e-01, 3.69751579e-01],
       [2.15771907e-01, 3.51127323e-01],
       [1.50196692e-01, 3.01023966e-01],
       [3.21158100e-01, 2.47856155e-01],
       [2.41533045e-01, 1.71675724e-01],
       [3.48865103e-01, 3.19329685e-01],
       [2.94996660e-01, 2.31248792e-01],
       [1.54628279e-01, 3.27768207e-01],
       [1.58392471e-01, 3.30094552e-01],
       [1.79822597e-01, 1.61354994e-01],
       [3.20201607e-01, 3.64175756e-01],
       [3.34811506e-01, 2.91075099e-01],
       [1.18586890e-01, 2.51763390e-01],
       [2.37945323e-01, 2.99371453e-01],
       [1.27322942e-01, 2.93480100e-01],
       [2.01474312e-01, 2.23029134e-01],
       [2.17967478e-01, 1.81242208e-01],
       [3.13854237e-01, 3.17915178e-01],
       [3.06976704e-01, 3.32435454e-01],
       [2.30569840e-01, 1.51580623e-01],
       [2.68242654e-01, 2.48673759e-01],
       [2.42739636e-01, 3.32772484e-01],
       [1.79197467e-01, 2.78838658e-01],
       [3.17080299e-01, 2.26860250e-01],
       [1.94695345e-01, 2.50316644e-01],
       [1.32161013e-01, 1.95510734e-01],
       [2.72930919e-01, 3.00721847e-01],
       [1.91034893e-01, 1.13641419e-01],
       [2.10974272e-01, 3.38046136e-01],
       [3.35262849e-01, 2.66838218e-01],
       [1.03394767e-01, 2.38710675e-01],
       [2.61484299e-01, 3.17216910e-01],
       [3.14407697e-01, 2.54278430e-01],
       [3.86253776e-01, 3.11275479e-01],
       [1.85699820e-01, 2.48149304e-01],
       [2.49895021e-01, 3.72759686e-01],
       [3.10657385e-01, 1.91123954e-01],
       [1.27928348e-01, 3.34818764e-01],
       [2.41712544e-01, 3.55105621e-01],
       [3.86262653e-01, 2.88129030e-01],
       [1.98548928e-01, 1.22089255e-01],
       [2.18000758e-01, 1.55282410e-01],
       [1.32481120e-01, 1.72403911e-01],
       [2.02342592e-01, 2.44424257e-01],
       [3.06759796e-01, 1.82763526e-01],
       [3.25506982e-01, 3.37875247e-01],
       [3.22308223e-01, 2.18885780e-01],
       [1.06816648e-01, 2.30575525e-01],
       [1.03486927e-01, 2.53378636e-01],
       [3.01768095e-01, 2.34359814e-01],
       [1.97639670e-01, 1.09508869e-01],
       [2.10475441e-01, 2.31713623e-01],
       [3.17190255e-01, 2.30574627e-01],
       [2.52769975e-01, 3.54877876e-01],
       [3.15772925e-01, 1.84991033e-01],
       [2.89749517e-01, 1.40639511e-01],
       [2.15752498e-01, 1.91997734e-01],
       [2.28170570e-01, 2.19061512e-01],
       [3.52390189e-01, 1.91781704e-01],
       [1.14183730e-01, 2.74478715e-01],
       [2.40510585e-01, 1.65559949e-01],
       [1.64954198e-01, 2.91150648e-01],
       [1.36135755e-01, 3.21739727e-01],
       [2.23776276e-01, 2.00478580e-01],
       [2.10785561e-01, 1.17959229e-01],
       [3.30648539e-01, 1.81798901e-01],
       [2.84430529e-01, 1.86836205e-01],
       [1.95217101e-01, 1.13215649e-01],
       [2.39838387e-01, 1.76083812e-01],
       [3.95724335e-01, 2.29058179e-01],
       [3.00643975e-01, 3.13732795e-01],
       [2.85146103e-01, 2.26848532e-01],
       [1.56792262e-01, 2.62811714e-01],
       [3.20799494e-01, 2.10067214e-01],
       [3.48415410e-01, 2.88300989e-01],
       [1.85109574e-01, 1.22688567e-01],
       [2.33884850e-01, 2.01673309e-01],
       [3.43714484e-01, 2.90720379e-01],
       [3.58841413e-01, 3.33768202e-01],
       [3.36974630e-01, 3.21779821e-01],
       [1.89087337e-01, 2.92183621e-01],
       [1.01066340e-01, 2.51558971e-01],
       [1.40887776e-01, 2.65219381e-01],
       [1.26691618e-01, 3.33874906e-01],
       [3.99052772e-01, 2.47306474e-01],
       [1.29806663e-01, 2.85059509e-01],
       [1.35343823e-01, 2.96932395e-01],
       [1.29038411e-01, 3.04926483e-01],
       [2.90572961e-01, 1.62261481e-01],
       [3.76883754e-01, 2.31604726e-01],
       [3.01441589e-01, 1.99081276e-01],
       [1.67900534e-01, 2.48756059e-01],
       [1.66988260e-01, 1.76120548e-01],
       [3.63959959e-01, 3.08945281e-01],
       [2.97317381e-01, 3.75155640e-01],
       [1.40284903e-01, 3.42355083e-01],
       [2.97721392e-01, 2.13260889e-01],
       [1.90021975e-01, 3.56985565e-01],
       [3.09344521e-01, 1.87056267e-01],
       [2.05470783e-01, 2.96993256e-01],
       [1.66482949e-01, 2.40889743e-01],
       [3.17046484e-01, 2.99850153e-01],
       [3.32219448e-01, 2.75520459e-01],
       [3.19412563e-01, 2.45855809e-01],
       [1.72870893e-01, 3.53102290e-01],
       [3.19127182e-01, 1.25057358e-01],
       [2.76645263e-01, 1.95405511e-01],
       [1.53562590e-01, 3.03610418e-01],
       [2.90751974e-01, 1.59091647e-01],
       [2.58374748e-01, 1.96531520e-01],
       [1.38943288e-01, 3.19774397e-01],
       [1.14504770e-01, 2.94952460e-01],
       [2.20057396e-01, 1.48834058e-01],
       [2.91803776e-01, 1.79347392e-01],
       [1.34184290e-01, 1.92547206e-01],
       [1.40346798e-01, 2.97990924e-01],
       [3.23650369e-01, 2.29085985e-01],
       [1.95239960e-01, 2.69873509e-01],
       [3.07491932e-01, 3.57282963e-01],
       [1.94203197e-01, 1.19435797e-01],
       [3.04817385e-01, 1.37191828e-01],
       [1.45565782e-01, 1.75855513e-01],
       [1.13611636e-01, 2.29904727e-01],
       [1.87810523e-01, 2.85778096e-01],
       [3.48387877e-01, 3.47244857e-01],
       [3.03824513e-01, 3.69965923e-01],
       [2.67819774e-01, 3.92211485e-01],
       [1.52086200e-01, 3.25289064e-01],
       [2.93182758e-01, 2.84994678e-01],
       [2.32621517e-01, 3.20920053e-01],
       [3.41973848e-01, 1.88219771e-01],
       [1.37439493e-01, 3.48468567e-01],
       [3.29208107e-01, 1.37560865e-01],
       [1.61777548e-01, 2.66177251e-01],
       [3.79675007e-01, 2.04030570e-01],
       [3.37110209e-01, 2.03092756e-01],
       [3.27600088e-01, 1.86722591e-01],
       [3.25475721e-01, 1.60289997e-01],
       [3.55197261e-01, 2.90842983e-01],
       [1.81661884e-01, 1.71899234e-01],
       [1.77779415e-01, 2.36394694e-01],
       [3.57841962e-01, 2.76193543e-01],
       [2.89495391e-01, 1.36245932e-01],
       [3.79843031e-01, 2.94575868e-01],
       [2.02335897e-01, 1.99514805e-01],
       [1.77697136e-01, 2.82614052e-01],
       [1.42406057e-01, 2.01405239e-01],
       [1.89667299e-01, 2.04368185e-01],
       [2.23034218e-01, 2.65998736e-01],
       [3.69885772e-01, 1.83203414e-01],
       [2.25382290e-01, 2.39057123e-01],
       [3.19386079e-01, 3.75740564e-01],
       [2.89349352e-01, 2.14241285e-01],
       [3.25276692e-01, 2.46123476e-01],
       [2.51772980e-01, 1.77070621e-01],
       [1.44022470e-01, 2.93688643e-01],
       [2.81070349e-01, 2.64497630e-01],
       [3.96583436e-01, 2.79691033e-01],
       [2.53557108e-01, 1.30813551e-01],
       [3.36531720e-01, 3.18650413e-01],
       [3.23957912e-01, 1.48624588e-01],
       [3.00432702e-01, 1.77655194e-01],
       [2.21904567e-01, 2.87762516e-01],
       [2.93684321e-01, 2.78050337e-01],
       [1.16900696e-01, 2.90810206e-01],
       [2.43528995e-01, 1.93380918e-01],
       [2.40422428e-01, 2.21691080e-01],
       [2.80736551e-01, 2.13845449e-01],
       [3.61827794e-01, 2.01128426e-01],
       [2.54574397e-01, 3.50426851e-01],
       [1.64236203e-01, 1.58832076e-01],
       [1.76913112e-01, 2.83490344e-01],
       [1.75850207e-01, 2.67887912e-01],
       [2.96682761e-01, 1.85961942e-01],
       [3.34632932e-01, 2.11522721e-01],
       [2.04304128e-01, 1.71808893e-01],
       [3.15564826e-01, 1.70516020e-01],
       [3.27368456e-01, 3.46214637e-01],
       [3.79002544e-01, 2.90448368e-01],
       [1.08643066e-01, 2.65381713e-01],
       [2.17666721e-01, 3.50284285e-01],
       [3.01935147e-01, 3.83415442e-01],
       [2.48762472e-01, 3.37897027e-01],
       [2.02672485e-01, 1.68763533e-01],
       [1.75331180e-01, 3.79713706e-01],
       [2.28415847e-01, 1.77618666e-01],
       [2.17284294e-01, 1.52864042e-01],
       [1.83868376e-01, 3.78130915e-01],
       [1.67455402e-01, 3.28606420e-01],
       [2.48117323e-01, 2.96976465e-01],
       [1.61692674e-01, 2.46928151e-01],
       [2.50826849e-01, 2.92945496e-01],
       [2.77106236e-01, 2.44651026e-01],
       [3.56246520e-01, 1.46703442e-01],
       [2.38678950e-01, 1.89597861e-01],
       [2.41357270e-01, 3.88471514e-01],
       [3.36241524e-01, 1.31319394e-01],
       [2.61362771e-01, 1.57130945e-01],
       [3.57165313e-01, 2.45681592e-01],
       [1.15069361e-01, 2.74243326e-01],
       [1.95018160e-01, 2.20309585e-01],
       [3.40982120e-01, 3.66821435e-01],
       [2.49429216e-01, 3.13311462e-01],
       [2.84919875e-01, 3.54378311e-01],
       [2.05765113e-01, 1.94583221e-01],
       [2.35550487e-01, 2.85491375e-01],
       [3.51466062e-01, 3.16159998e-01],
       [2.69722970e-01, 2.88210597e-01],
       [2.12821886e-01, 1.55595048e-01],
       [1.64988223e-01, 1.26845942e-01],
       [1.69518594e-01, 2.38372359e-01],
       [2.34056896e-01, 2.67294749e-01],
       [1.21847730e-01, 1.99565242e-01],
       [2.01587020e-01, 1.96838182e-01],
       [2.18897750e-01, 1.44894475e-01],
       [1.61674723e-01, 2.24616453e-01],
       [1.60500674e-01, 3.51387926e-01],
       [1.56030431e-01, 2.95902776e-01],
       [1.36232146e-01, 1.55301754e-01],
       [3.34250494e-01, 1.54228687e-01],
       [3.61836171e-01, 3.27613689e-01],
       [3.28969960e-01, 3.72109444e-01],
       [1.74523600e-01, 2.90221237e-01],
       [1.40138239e-01, 3.43190292e-01],
       [2.49532161e-01, 3.00561498e-01],
       [2.25842912e-01, 2.80704432e-01],
       [3.24701655e-01, 1.26529548e-01],
       [3.18855404e-01, 2.96245080e-01],
       [1.59639817e-01, 2.70791321e-01],
       [1.74798965e-01, 1.20470480e-01],
       [1.40423412e-01, 3.46086300e-01],
       [2.66638954e-01, 1.09553733e-01],
       [2.42410527e-01, 3.88924032e-01],
       [2.09957015e-01, 1.90724233e-01],
       [2.10968591e-01, 2.87033971e-01],
       [8.72540360e-01, 7.77841243e-01],
       [6.97186396e-01, 8.80103419e-01],
       [7.94165981e-01, 7.88075108e-01],
       [8.28177001e-01, 8.57069931e-01],
       [6.98257550e-01, 6.88991323e-01],
       [8.31618327e-01, 7.14592783e-01],
       [7.20004610e-01, 8.90883685e-01],
       [8.46822313e-01, 7.01135781e-01],
       [8.32107742e-01, 6.74036296e-01],
       [6.96677652e-01, 6.47610724e-01],
       [7.66277793e-01, 7.86670531e-01],
       [6.22235074e-01, 7.49392429e-01],
       [7.40115563e-01, 7.54604668e-01],
       [7.66014195e-01, 8.94322820e-01],
       [7.97379547e-01, 6.51003333e-01],
       [7.29377204e-01, 6.66071357e-01],
       [8.74847252e-01, 7.64794970e-01],
       [8.26589307e-01, 6.81944030e-01],
       [7.44062810e-01, 8.50958474e-01],
       [8.35542048e-01, 7.35520834e-01],
       [7.63491885e-01, 6.76577823e-01],
       [7.34174380e-01, 8.39136623e-01],
       [7.27766041e-01, 7.33406870e-01],
       [7.88638314e-01, 7.67488321e-01],
       [7.29690767e-01, 7.50503506e-01],
       [6.44985627e-01, 7.43910097e-01],
       [7.07089182e-01, 7.42653873e-01],
       [7.69769938e-01, 7.05046879e-01],
       [6.37592926e-01, 7.72933132e-01],
       [8.39498111e-01, 7.46593533e-01],
       [6.55385174e-01, 8.17345685e-01],
       [6.62856117e-01, 7.05972345e-01],
       [8.63650265e-01, 7.74255107e-01],
       [7.38685194e-01, 6.84947058e-01],
       [8.04026157e-01, 8.49931272e-01],
       [6.60027203e-01, 8.61492376e-01],
       [8.80360548e-01, 7.67781471e-01],
       [6.46759330e-01, 6.69612668e-01],
       [8.14801634e-01, 6.28132167e-01],
       [8.15989225e-01, 7.77821611e-01],
       [6.10957655e-01, 7.22532045e-01],
       [8.86007336e-01, 6.87624919e-01],
       [6.40451351e-01, 8.49908360e-01],
       [7.14003463e-01, 6.11329916e-01],
       [8.26256957e-01, 6.27728272e-01],
       [7.82612060e-01, 8.93440658e-01],
       [7.91618734e-01, 7.73408007e-01],
       [8.62395298e-01, 8.43307799e-01],
       [8.63274951e-01, 7.24467626e-01],
       [7.14310027e-01, 8.87042179e-01],
       [7.67054482e-01, 7.64158452e-01],
       [8.19009541e-01, 6.18941022e-01],
       [7.17648458e-01, 7.43446468e-01],
       [7.31992904e-01, 7.07876349e-01],
       [8.15695714e-01, 8.26461929e-01],
       [6.50955452e-01, 8.26714631e-01],
       [7.51484697e-01, 6.53847414e-01],
       [8.24254407e-01, 7.48071991e-01],
       [7.81765288e-01, 8.14999195e-01],
       [8.42788939e-01, 7.57422409e-01],
       [6.91389306e-01, 8.29140990e-01],
       [6.31436115e-01, 7.20674925e-01],
       [6.91123671e-01, 8.86457548e-01],
       [6.88067088e-01, 7.97817084e-01],
       [8.78118958e-01, 8.09668722e-01],
       [6.71254828e-01, 7.72712604e-01],
       [8.69578540e-01, 7.33321164e-01],
       [7.10659645e-01, 8.30002135e-01],
       [7.87226628e-01, 7.10421679e-01],
       [7.37139151e-01, 8.41897308e-01],
       [8.09123807e-01, 6.93454125e-01],
       [7.00663332e-01, 7.00988124e-01],
       [8.64688575e-01, 7.75404091e-01],
       [8.87438978e-01, 7.48956158e-01],
       [6.87682796e-01, 8.51583663e-01],
       [7.42112320e-01, 6.83109058e-01],
       [6.73584807e-01, 8.01049488e-01],
       [7.42772888e-01, 7.90422606e-01],
       [7.44122053e-01, 8.06882994e-01],
       [7.94671709e-01, 7.24362422e-01],
       [8.22104480e-01, 7.30372692e-01],
       [6.85913513e-01, 8.56277463e-01],
       [6.96000711e-01, 6.89235530e-01],
       [7.35943609e-01, 7.15147700e-01],
       [6.18938114e-01, 7.52471429e-01],
       [7.94339840e-01, 6.40753241e-01],
       [7.51271549e-01, 8.07073372e-01],
       [7.87576156e-01, 7.29109068e-01],
       [7.03503356e-01, 8.14378943e-01],
       [6.84532726e-01, 6.33807225e-01],
       [6.75089193e-01, 7.93659926e-01],
       [7.31233764e-01, 7.39930798e-01],
       [8.35274862e-01, 8.15582232e-01],
       [6.36416278e-01, 7.89667441e-01],
       [7.69446096e-01, 7.97370661e-01],
       [7.37802097e-01, 7.87682077e-01],
       [6.72711295e-01, 7.45046858e-01],
       [7.18666277e-01, 6.14216834e-01],
       [8.09234315e-01, 6.34853720e-01],
       [8.38648494e-01, 7.06028901e-01],
       [8.10640003e-01, 6.56287508e-01],
       [6.34223532e-01, 7.06695577e-01],
       [7.18399036e-01, 8.80878028e-01],
       [7.89755536e-01, 7.54462453e-01],
       [7.74068227e-01, 6.88191375e-01],
       [6.85193778e-01, 7.73639947e-01],
       [6.29634067e-01, 7.43668485e-01],
       [7.80813182e-01, 8.42881668e-01],
       [8.08120949e-01, 6.26018949e-01],
       [6.33595215e-01, 6.67192511e-01],
       [7.58170641e-01, 7.01680095e-01],
       [8.64861188e-01, 6.91345069e-01],
       [7.24893823e-01, 7.34688785e-01],
       [6.53272123e-01, 7.02152467e-01],
       [7.00071708e-01, 8.48914542e-01],
       [7.56459457e-01, 7.27132669e-01],
       [7.59863059e-01, 7.41633094e-01],
       [8.81050211e-01, 7.36105054e-01],
       [7.03998873e-01, 8.50914491e-01],
       [6.90253829e-01, 7.25206829e-01],
       [8.56132095e-01, 6.63777672e-01],
       [7.32784591e-01, 7.19885210e-01],
       [7.50031925e-01, 6.90158801e-01],
       [8.58241909e-01, 7.03520691e-01],
       [7.81294490e-01, 8.93330464e-01],
       [7.03883878e-01, 6.24298302e-01],
       [6.24402971e-01, 8.05730218e-01],
       [7.98407332e-01, 6.28110069e-01],
       [8.69589849e-01, 8.13636209e-01],
       [6.97312870e-01, 8.72610064e-01],
       [8.59497149e-01, 8.10346487e-01],
       [8.94813881e-01, 7.47499399e-01],
       [8.81091654e-01, 7.19931839e-01],
       [8.70249067e-01, 7.15419439e-01],
       [7.35963679e-01, 8.96181454e-01],
       [7.31262798e-01, 8.31921990e-01],
       [8.86113574e-01, 7.12141721e-01],
       [7.78373385e-01, 6.40631883e-01],
       [7.42658787e-01, 7.41394850e-01],
       [8.68089790e-01, 7.14663421e-01],
       [6.08394652e-01, 7.85461291e-01],
       [7.15130882e-01, 8.23577277e-01],
       [6.44499906e-01, 7.24604678e-01],
       [8.09340444e-01, 6.85487928e-01],
       [7.19349161e-01, 7.01458234e-01],
       [7.08749474e-01, 8.22189176e-01],
       [8.72686219e-01, 8.18294867e-01],
       [7.86256025e-01, 7.79029924e-01],
       [6.69706186e-01, 7.01379010e-01],
       [6.80713899e-01, 8.75238281e-01],
       [8.67790329e-01, 7.68445756e-01],
       [8.14572649e-01, 7.61302169e-01],
       [8.36579368e-01, 7.52241723e-01],
       [7.39938289e-01, 7.96554963e-01],
       [7.17424643e-01, 8.89751972e-01],
       [7.08269073e-01, 7.23882735e-01],
       [7.01201895e-01, 7.47830766e-01],
       [7.06972508e-01, 7.78845871e-01],
       [6.42261920e-01, 7.44424027e-01],
       [8.02507936e-01, 8.07210938e-01],
       [8.24176472e-01, 7.51289887e-01],
       [7.21267567e-01, 7.26298464e-01],
       [6.39145410e-01, 6.49231713e-01],
       [6.98995046e-01, 8.42213506e-01],
       [6.93120348e-01, 6.22665707e-01],
       [6.75006233e-01, 7.24761329e-01],
       [6.42371312e-01, 6.50401249e-01],
       [7.89018798e-01, 7.14762979e-01],
       [8.63466110e-01, 7.63920421e-01],
       [7.16576097e-01, 7.27678465e-01],
       [8.47019640e-01, 8.32260456e-01],
       [7.59345923e-01, 6.46385515e-01],
       [6.93379469e-01, 6.83530977e-01],
       [7.55760710e-01, 6.70417464e-01],
       [6.11299735e-01, 6.96583387e-01],
       [6.88747789e-01, 6.22697045e-01],
       [7.16029929e-01, 6.76014209e-01],
       [7.24970287e-01, 8.30095127e-01],
       [8.73625439e-01, 6.84157520e-01],
       [8.28852001e-01, 6.22409902e-01],
       [8.37356196e-01, 7.53283041e-01],
       [7.91947056e-01, 7.21826765e-01],
       [8.05069278e-01, 8.06524331e-01],
       [8.40342763e-01, 8.53792993e-01],
       [7.24085057e-01, 6.41368299e-01],
       [8.56770141e-01, 6.54679405e-01],
       [8.07980360e-01, 8.02079378e-01],
       [8.22312418e-01, 7.39843958e-01],
       [7.69732080e-01, 6.06219502e-01],
       [7.07858812e-01, 7.39579123e-01],
       [6.71504313e-01, 7.54737884e-01],
       [6.49840138e-01, 7.15214155e-01],
       [6.71932234e-01, 7.87688350e-01],
       [6.94766541e-01, 7.58405415e-01],
       [8.31450122e-01, 6.46558231e-01],
       [7.55605016e-01, 7.17185038e-01],
       [8.58723420e-01, 7.90260978e-01],
       [8.69524409e-01, 6.60533083e-01],
       [7.88562023e-01, 7.73195674e-01],
       [8.37968905e-01, 6.84003448e-01],
       [7.89099060e-01, 8.70087076e-01],
       [6.25884285e-01, 8.30756632e-01],
       [8.47071674e-01, 6.85087067e-01],
       [7.63382756e-01, 7.74350102e-01],
       [7.95421094e-01, 8.70634830e-01],
       [8.24827508e-01, 8.19710222e-01],
       [6.85904568e-01, 7.99491236e-01],
       [8.68060251e-01, 7.66245478e-01],
       [7.08534234e-01, 7.18235359e-01],
       [8.09281076e-01, 8.65276668e-01],
       [7.24109092e-01, 6.52383946e-01],
       [8.27667737e-01, 8.74936758e-01],
       [7.04948278e-01, 6.58647890e-01],
       [8.68474477e-01, 7.76291191e-01],
       [8.07541435e-01, 8.66064979e-01],
       [7.86619059e-01, 6.83022197e-01],
       [6.47203591e-01, 8.48245693e-01],
       [8.03675813e-01, 6.56256408e-01],
       [7.38724618e-01, 8.91558591e-01],
       [7.44596610e-01, 6.49015055e-01],
       [6.55930680e-01, 7.53357174e-01],
       [6.17916358e-01, 6.79093516e-01],
       [7.77082123e-01, 8.49384548e-01],
       [6.33409000e-01, 8.21470715e-01],
       [6.87177799e-01, 6.75971738e-01],
       [8.57995286e-01, 6.55367974e-01],
       [7.80224746e-01, 8.53277320e-01],
       [6.41727782e-01, 6.96261287e-01],
       [6.38083120e-01, 8.48613202e-01],
       [8.36388803e-01, 6.98065912e-01],
       [8.03570133e-01, 8.25300876e-01],
       [7.04588910e-01, 6.30768462e-01],
       [7.85341452e-01, 6.21526640e-01],
       [7.13484505e-01, 6.82811603e-01],
       [8.14045724e-01, 8.35178161e-01],
       [8.76050196e-01, 7.87764671e-01],
       [8.79108522e-01, 7.42285797e-01],
       [7.66195888e-01, 8.86944128e-01],
       [6.36319566e-01, 7.90651800e-01],
       [7.55069340e-01, 7.70373847e-01],
       [7.46317575e-01, 7.65625448e-01],
       [8.28974541e-01, 7.18081220e-01],
       [7.98628711e-01, 8.15542490e-01],
       [8.81270658e-01, 7.23283532e-01],
       [7.35533297e-01, 7.51851129e-01],
       [8.67425314e-01, 7.32647783e-01],
       [8.68147039e-01, 7.14417532e-01],
       [7.94167570e-01, 6.09826407e-01],
       [7.04759325e-01, 8.25564284e-01],
       [7.58393345e-01, 6.94232078e-01],
       [7.39399384e-01, 6.30066029e-01],
       [6.32772696e-01, 8.29551905e-01],
       [6.78949766e-01, 6.59731930e-01],
       [8.77255086e-01, 7.26193399e-01],
       [8.64816718e-01, 7.32013713e-01],
       [6.57357539e-01, 7.80274472e-01],
       [7.00502056e-01, 7.84517766e-01],
       [6.85831498e-01, 7.24115905e-01],
       [6.91502661e-01, 8.05370583e-01],
       [6.92239381e-01, 8.36120486e-01],
       [8.63121628e-01, 7.40446829e-01],
       [6.62361536e-01, 7.26073290e-01],
       [6.42113810e-01, 8.24069731e-01],
       [6.63901946e-01, 7.31588833e-01],
       [8.06901269e-01, 6.25808180e-01],
       [6.18388528e-01, 6.89806272e-01],
       [7.75811276e-01, 8.62523672e-01],
       [8.23253669e-01, 7.60848217e-01],
       [7.08497821e-01, 7.77424456e-01],
       [8.25516219e-01, 6.99811577e-01],
       [8.06154326e-01, 7.56279430e-01],
       [7.52086288e-01, 6.55292743e-01],
       [7.97966717e-01, 8.65684038e-01],
       [7.88497035e-01, 7.60430752e-01],
       [7.33014407e-01, 6.59616767e-01],
       [7.92287253e-01, 6.73979146e-01],
       [7.07848406e-01, 7.90244551e-01],
       [6.80531328e-01, 7.26597845e-01],
       [7.30511888e-01, 8.65736632e-01],
       [7.11253199e-01, 8.28058990e-01],
       [6.98331364e-01, 8.31312148e-01],
       [7.53549917e-01, 6.76346290e-01],
       [8.69679163e-01, 6.71175686e-01],
       [6.92091213e-01, 6.80140369e-01],
       [7.75193636e-01, 8.36304789e-01],
       [6.96409195e-01, 6.47569811e-01],
       [7.31782387e-01, 8.51622514e-01],
       [8.25904289e-01, 6.94125949e-01],
       [7.01947138e-01, 7.22432867e-01],
       [7.37463984e-01, 8.26290660e-01],
       [7.01237363e-01, 8.80578386e-01],
       [8.95119691e-01, 7.78340694e-01],
       [6.36881185e-01, 6.58954930e-01],
       [7.99072457e-01, 6.95159780e-01],
       [7.96118935e-01, 6.45397244e-01],
       [7.82430031e-01, 7.12383357e-01],
       [7.08522755e-01, 7.52569641e-01],
       [8.10200234e-01, 8.34543081e-01],
       [6.49483563e-01, 6.40205124e-01],
       [7.61346509e-01, 8.71185181e-01],
       [7.40025814e-01, 8.35389829e-01],
       [7.65762050e-01, 6.84824634e-01],
       [7.71292575e-01, 6.94180637e-01],
       [6.28949247e-01, 7.60653266e-01],
       [7.53802904e-01, 6.82375045e-01],
       [7.23123658e-01, 7.05443009e-01],
       [7.72835208e-01, 6.17410401e-01],
       [6.97385671e-01, 6.18301407e-01],
       [6.68225753e-01, 8.43246425e-01],
       [7.19708827e-01, 7.99017172e-01],
       [7.34414234e-01, 8.91825679e-01],
       [7.31547575e-01, 8.78403685e-01],
       [7.36725707e-01, 6.10246715e-01],
       [8.77000916e-01, 7.62146392e-01],
       [6.92791659e-01, 7.23948069e-01],
       [8.11681808e-01, 8.76503273e-01],
       [8.38174384e-01, 7.53491353e-01],
       [7.40097429e-01, 8.31380331e-01],
       [6.20806464e-01, 7.65449433e-01],
       [8.21735740e-01, 7.03284600e-01],
       [8.09439729e-01, 7.16906709e-01],
       [7.91682500e-01, 7.85525286e-01],
       [7.21973905e-01, 7.60107731e-01],
       [7.67484234e-01, 6.29818522e-01],
       [8.30902005e-01, 6.51893768e-01],
       [7.05019341e-01, 8.04957467e-01],
       [7.23985830e-01, 6.75232539e-01],
       [7.39705057e-01, 6.95179097e-01],
       [7.56155039e-01, 7.92555913e-01],
       [7.87429342e-01, 7.30879905e-01],
       [7.62751825e-01, 8.04602388e-01],
       [7.55392958e-01, 8.25794749e-01],
       [8.33948136e-01, 7.51487092e-01],
       [6.22222433e-01, 7.05371022e-01],
       [6.41063445e-01, 7.21421773e-01],
       [7.88387961e-01, 8.32934811e-01],
       [8.50117430e-01, 8.09542822e-01],
       [7.50487063e-01, 7.41165433e-01],
       [7.73405314e-01, 6.89674014e-01],
       [7.28215034e-01, 8.14891922e-01],
       [7.28430775e-01, 8.49787630e-01],
       [6.42086381e-01, 7.19737126e-01],
       [6.66744852e-01, 7.29763520e-01],
       [6.33675240e-01, 7.50770871e-01],
       [8.26031379e-01, 7.29842430e-01],
       [8.55963322e-01, 6.65066706e-01],
       [7.53853199e-01, 6.06213680e-01],
       [8.12098403e-01, 7.22768460e-01],
       [6.01509757e-01, 7.56095924e-01],
       [8.61602680e-01, 6.73672370e-01],
       [7.94279438e-01, 6.27886549e-01],
       [6.74567802e-01, 6.44066775e-01],
       [6.50458339e-01, 7.54812978e-01],
       [7.59646392e-01, 7.84651237e-01],
       [6.98342730e-01, 6.16425826e-01],
       [6.62279438e-01, 6.72672987e-01],
       [6.18298484e-01, 7.09344403e-01],
       [7.67530008e-01, 8.12750469e-01],
       [7.91613093e-01, 8.23632383e-01],
       [7.67359443e-01, 8.64562710e-01],
       [7.05382886e-01, 6.69845894e-01],
       [8.07607585e-01, 8.64648738e-01],
       [6.29340664e-01, 6.75902823e-01],
       [6.40666944e-01, 6.68297559e-01],
       [8.58594432e-01, 6.99457224e-01],
       [6.82686183e-01, 8.31894788e-01],
       [6.93436373e-01, 7.88629707e-01],
       [8.27327210e-01, 6.40581300e-01],
       [6.13056033e-01, 7.39089464e-01],
       [8.04435008e-01, 7.72261004e-01],
       [7.94148216e-01, 7.67578200e-01],
       [8.27340406e-01, 7.52554430e-01],
       [6.78010073e-01, 8.64489391e-01],
       [8.55529721e-01, 7.77270064e-01],
       [8.51874324e-01, 7.54246464e-01]]), array([1, 1, 1, 1, 1, 1, 1, 1, 1, 1, 1, 1, 1, 1, 1, 1, 1, 1, 1, 1, 1, 1,
       1, 1, 1, 1, 1, 1, 1, 1, 1, 1, 1, 1, 1, 1, 1, 1, 1, 1, 1, 1, 1, 1,
       1, 1, 1, 1, 1, 1, 1, 1, 1, 1, 1, 1, 1, 1, 1, 1, 1, 1, 1, 1, 1, 1,
       1, 1, 1, 1, 1, 1, 1, 1, 1, 1, 1, 1, 1, 1, 1, 1, 1, 1, 1, 1, 1, 1,
       1, 1, 1, 1, 1, 1, 1, 1, 1, 1, 1, 1, 1, 1, 1, 1, 1, 1, 1, 1, 1, 1,
       1, 1, 1, 1, 1, 1, 1, 1, 1, 1, 1, 1, 1, 1, 1, 1, 1, 1, 1, 1, 1, 1,
       1, 1, 1, 1, 1, 1, 1, 1, 1, 1, 1, 1, 1, 1, 1, 1, 1, 1, 1, 1, 1, 1,
       1, 1, 1, 1, 1, 1, 1, 1, 1, 1, 1, 1, 1, 1, 1, 1, 1, 1, 1, 1, 1, 1,
       1, 1, 1, 1, 1, 1, 1, 1, 1, 1, 1, 1, 1, 1, 1, 1, 1, 1, 1, 1, 1, 1,
       1, 1, 1, 1, 1, 1, 1, 1, 1, 1, 1, 1, 1, 1, 1, 1, 1, 1, 1, 1, 1, 1,
       1, 1, 1, 1, 1, 1, 1, 1, 1, 1, 1, 1, 1, 1, 1, 1, 1, 1, 1, 1, 1, 1,
       1, 1, 1, 1, 1, 1, 1, 1, 1, 1, 1, 1, 1, 1, 1, 1, 1, 1, 1, 1, 1, 1,
       1, 1, 1, 1, 1, 1, 1, 1, 1, 1, 1, 1, 1, 1, 1, 1, 1, 1, 1, 1, 1, 1,
       1, 1, 1, 1, 1, 1, 1, 1, 1, 1, 1, 1, 1, 1, 1, 1, 1, 1, 1, 1, 1, 1,
       1, 1, 1, 1, 1, 1, 1, 1, 1, 1, 1, 1, 1, 1, 1, 1, 1, 1, 1, 1, 1, 1,
       1, 1, 1, 1, 1, 1, 1, 1, 1, 1, 1, 1, 1, 1, 1, 1, 1, 1, 1, 1, 1, 1,
       1, 1, 1, 1, 1, 1, 1, 1, 1, 1, 1, 1, 1, 1, 1, 1, 1, 1, 1, 1, 1, 1,
       1, 1, 1, 1, 1, 1, 1, 1, 1, 1, 1, 1, 1, 1, 1, 1, 1, 1, 1, 1, 1, 1,
       1, 1, 1, 1, 1, 1, 1, 1, 1, 1, 1, 1, 1, 1, 1, 1, 1, 1, 1, 1, 1, 1,
       1, 1, 1, 1, 1, 1, 1, 1, 1, 1, 1, 1, 1, 1, 1, 1, 1, 1, 1, 1, 1, 1,
       1, 1, 1, 1, 1, 1, 1, 1, 1, 1, 1, 1, 1, 1, 1, 1, 1, 1, 1, 1, 1, 1,
       1, 1, 1, 1, 1, 1, 1, 1, 1, 1, 1, 1, 1, 1, 1, 1, 1, 1, 1, 1, 1, 1,
       1, 1, 1, 1, 1, 1, 1, 1, 1, 1, 1, 1, 1, 1, 1, 1, 1, 1, 1, 1, 1, 1,
       1, 1, 1, 1, 1, 1, 1, 1, 1, 1, 1, 1, 1, 1, 1, 1, 1, 1, 1, 1, 1, 1,
       1, 1, 1, 1, 1, 1, 1, 1, 1, 1, 1, 1, 1, 1, 1, 1, 1, 1, 1, 1, 1, 1,
       1, 1, 1, 1, 1, 1, 1, 1, 1, 1, 1, 1, 1, 1, 1, 1, 1, 1, 1, 1, 1, 1,
       1, 1, 1, 1, 1, 1, 1, 1, 1, 1, 1, 1, 1, 1, 1, 1, 1, 1, 1, 1, 1, 1,
       1, 1, 1, 1, 1, 1, 1, 1, 1, 1, 1, 1, 1, 1, 1, 1, 1, 1, 1, 1, 1, 1,
       1, 1, 1, 1, 1, 1, 1, 1, 1, 1, 1, 1, 1, 1, 1, 1, 1, 1, 1, 1, 1, 1,
       1, 1, 1, 1, 1, 1, 1, 1, 1, 1, 1, 1, 1, 1, 1, 1, 1, 1, 1, 1, 1, 1,
       1, 1, 1, 1, 1, 1, 1, 1, 1, 1, 1, 1, 1, 1, 1, 1, 1, 1, 1, 1, 1, 1,
       1, 1, 1, 1, 1, 1, 1, 1, 1, 1, 1, 1, 1, 1, 1, 1, 1, 1, 1, 1, 1, 1,
       1, 1, 1, 1, 1, 1, 1, 1, 1, 1, 1, 1, 1, 1, 1, 1, 1, 1, 1, 1, 1, 1,
       1, 1, 1, 1, 1, 1, 1, 1, 1, 1, 1, 1, 1, 1, 1, 1, 1, 1, 1, 1, 1, 1,
       1, 1, 0, 0, 0, 0, 0, 0, 0, 0, 0, 0, 0, 0, 0, 0, 0, 0, 0, 0, 0, 0,
       0, 0, 0, 0, 0, 0, 0, 0, 0, 0, 0, 0, 0, 0, 0, 0, 0, 0, 0, 0, 0, 0,
       0, 0, 0, 0, 0, 0, 0, 0, 0, 0, 0, 0, 0, 0, 0, 0, 0, 0, 0, 0, 0, 0,
       0, 0, 0, 0, 0, 0, 0, 0, 0, 0, 0, 0, 0, 0, 0, 0, 0, 0, 0, 0, 0, 0,
       0, 0, 0, 0, 0, 0, 0, 0, 0, 0, 0, 0, 0, 0, 0, 0, 0, 0, 0, 0, 0, 0,
       0, 0, 0, 0, 0, 0, 0, 0, 0, 0, 0, 0, 0, 0, 0, 0, 0, 0, 0, 0, 0, 0,
       0, 0, 0, 0, 0, 0, 0, 0, 0, 0, 0, 0, 0, 0, 0, 0, 0, 0, 0, 0, 0, 0,
       0, 0, 0, 0, 0, 0, 0, 0, 0, 0, 0, 0, 0, 0, 0, 0, 0, 0, 0, 0, 0, 0,
       0, 0, 0, 0, 0, 0, 0, 0, 0, 0, 0, 0, 0, 0, 0, 0, 0, 0, 0, 0, 0, 0,
       0, 0, 0, 0, 0, 0, 0, 0, 0, 0, 0, 0, 0, 0, 0, 0, 0, 0, 0, 0, 0, 0,
       0, 0, 0, 0, 0, 0, 0, 0, 0, 0, 0, 0, 0, 0, 0, 0, 0, 0, 0, 0, 0, 0,
       0, 0, 0, 0, 0, 0, 0, 0, 0, 0, 0, 0, 0, 0, 0, 0, 0, 0, 0, 0, 0, 0,
       0, 0, 0, 0, 0, 0, 0, 0, 0, 0, 0, 0, 0, 0, 0, 0, 0, 0, 0, 0, 0, 0,
       0, 0, 0, 0, 0, 0, 0, 0, 0, 0, 0, 0, 0, 0, 0, 0, 0, 0, 0, 0, 0, 0,
       0, 0, 0, 0, 0, 0, 0, 0, 0, 0, 0, 0, 0, 0, 0, 0, 0, 0, 0, 0, 0, 0,
       0, 0, 0, 0, 0, 0, 0, 0, 0, 0, 0, 0, 0, 0, 0, 0, 0, 0, 0, 0, 0, 0,
       0, 0, 0, 0, 0, 0, 0, 0, 0, 0, 0, 0, 0, 0, 0, 0, 0, 0, 0, 0, 0, 0,
       0, 0, 0, 0, 0, 0, 0, 0, 0, 0, 0, 0, 0, 0, 0, 0, 0, 0, 0, 0, 0, 0,
       0, 0, 0, 0, 0, 0, 0, 0, 0, 0, 0, 0, 0, 0, 0, 0, 0, 0, 0, 0, 0, 0,
       0, 0, 0, 0, 0, 0, 0, 0, 0, 0, 0, 0, 0, 0, 0, 0, 0, 0, 0, 0, 0, 0,
       0, 0, 0, 0, 0, 0, 0, 0, 0, 0, 0, 0, 0, 0, 0, 0, 0, 0, 0, 0, 0, 0,
       0, 0, 0, 0, 0, 0, 0, 0, 0, 0, 0, 0, 0, 0, 0, 0, 0, 0, 0, 0, 0, 0,
       0, 0, 0, 0, 0, 0, 0, 0, 0, 0, 0, 0, 0, 0, 0, 0, 0, 0, 0, 0, 0, 0,
       0, 0, 0, 0, 0, 0, 0, 0, 0, 0, 0, 0, 0, 0, 0, 0, 0, 0, 0, 0, 0, 0,
       0, 0, 0, 0, 0, 0, 0, 0, 0, 0, 0, 0, 0, 0, 0, 0, 0, 0, 0, 0, 0, 0,
       0, 0, 0, 0, 0, 0, 0, 0, 0, 0, 0, 0, 0, 0, 0, 0, 0, 0, 0, 0, 0, 0,
       0, 0, 0, 0, 0, 0, 0, 0, 0, 0, 0, 0, 0, 0, 0, 0, 0, 0, 0, 0, 0, 0,
       0, 0, 0, 0, 0, 0, 0, 0, 0, 0, 0, 0, 0, 0, 0, 0, 0, 0, 0, 0, 0, 0,
       0, 0, 0, 0, 0, 0, 0, 0, 0, 0, 0, 0, 0, 0, 0, 0, 0, 0, 0, 0, 0, 0,
       0, 0, 0, 0, 0, 0, 0, 0, 0, 0, 0, 0, 0, 0, 0, 0, 0, 0, 0, 0, 0, 0,
       0, 0, 0, 0, 0, 0, 0, 0, 0, 0, 0, 0, 0, 0, 0, 0, 0, 0, 0, 0, 0, 0,
       0, 0, 0, 0, 0, 0, 0, 0, 0, 0, 0, 0, 0, 0, 0, 0, 0, 0, 0, 0, 0, 0,
       0, 0, 0, 0, 0, 0, 0, 0, 0, 0, 0, 0, 0, 0, 0, 0, 0, 0, 0, 0, 0, 0,
       0, 0, 0, 0, 0, 0, 0, 0, 0, 0, 0, 0, 0, 0, 0, 0, 0, 0, 0, 0, 0, 0,
       0, 0, 0, 0]), Counter({1: 750, 0: 750}))