(array([[0.17851992, 0.28544812],
       [0.18816312, 0.18289972],
       [0.1974865 , 0.25493457],
       [0.15237283, 0.14125217],
       [0.08414161, 0.22856074],
       [0.31947822, 0.19441972],
       [0.25306274, 0.22605519],
       [0.22619425, 0.15979507],
       [0.28069992, 0.15394448],
       [0.13314138, 0.10238258],
       [0.27998162, 0.23619239],
       [0.20626464, 0.18269973],
       [0.20803318, 0.10196005],
       [0.15846857, 0.11987175],
       [0.27584398, 0.14130333],
       [0.15990955, 0.20139848],
       [0.23190468, 0.14139551],
       [0.19856649, 0.31237372],
       [0.20144777, 0.23398287],
       [0.20828286, 0.13320292],
       [0.19995156, 0.12318818],
       [0.13489995, 0.19021579],
       [0.16834757, 0.15898984],
       [0.25589159, 0.13469426],
       [0.08405636, 0.18533927],
       [0.2289472 , 0.18796089],
       [0.0848792 , 0.21878704],
       [0.27622492, 0.16560335],
       [0.19787432, 0.26040125],
       [0.15456287, 0.11085532],
       [0.24679153, 0.11230844],
       [0.12468782, 0.24131472],
       [0.21301194, 0.25547964],
       [0.13363161, 0.23035003],
       [0.12478181, 0.12933808],
       [0.13742603, 0.25864362],
       [0.12989604, 0.26396771],
       [0.13369673, 0.11582721],
       [0.13006982, 0.27151024],
       [0.18448126, 0.11504773],
       [0.08454115, 0.17889749],
       [0.17469314, 0.1369217 ],
       [0.17896758, 0.23576299],
       [0.17948348, 0.19293249],
       [0.15299304, 0.23802046],
       [0.12977811, 0.11994201],
       [0.1784034 , 0.20812226],
       [0.20436189, 0.1911936 ],
       [0.24987612, 0.13172264],
       [0.22735617, 0.14465982],
       [0.23004937, 0.16694343],
       [0.26711487, 0.23327422],
       [0.25950576, 0.1018324 ],
       [0.15332644, 0.17530654],
       [0.25167606, 0.26471195],
       [0.27711474, 0.18666737],
       [0.20411614, 0.12607516],
       [0.21265224, 0.09613523],
       [0.27675229, 0.1459132 ],
       [0.13043758, 0.20940124],
       [0.26467516, 0.24755601],
       [0.20651597, 0.11633174],
       [0.24006404, 0.28162352],
       [0.14117876, 0.20590781],
       [0.21190176, 0.23715685],
       [0.28090725, 0.2640236 ],
       [0.2220235 , 0.23408736],
       [0.28556922, 0.21153269],
       [0.10907942, 0.15974619],
       [0.21651165, 0.09674618],
       [0.09853686, 0.1888225 ],
       [0.14592687, 0.16185911],
       [0.20626281, 0.2459989 ],
       [0.11792188, 0.14218607],
       [0.15831376, 0.21560167],
       [0.21591495, 0.29146108],
       [0.26005165, 0.27576882],
       [0.15808835, 0.22478262],
       [0.18762851, 0.13681735],
       [0.18101084, 0.27488237],
       [0.25490653, 0.10633765],
       [0.27677429, 0.27232352],
       [0.25106544, 0.23617765],
       [0.09913121, 0.22335925],
       [0.23366115, 0.18568253],
       [0.23171526, 0.20919602],
       [0.09110934, 0.2332473 ],
       [0.10572446, 0.14147344],
       [0.15597396, 0.20526044],
       [0.30407611, 0.21150105],
       [0.13751698, 0.28536886],
       [0.1628208 , 0.27754171],
       [0.09400679, 0.21093319],
       [0.27442945, 0.23106231],
       [0.24741768, 0.2907513 ],
       [0.29321606, 0.20294077],
       [0.17252417, 0.17169932],
       [0.14741017, 0.16374011],
       [0.13922176, 0.27915093],
       [0.13263316, 0.25608142],
       [0.21405975, 0.1792288 ],
       [0.25900075, 0.13550103],
       [0.13448889, 0.1298681 ],
       [0.17098037, 0.17244141],
       [0.18686224, 0.27769295],
       [0.21731824, 0.23639971],
       [0.18304975, 0.17312544],
       [0.25432544, 0.25626572],
       [0.26449702, 0.13676181],
       [0.30198203, 0.25433619],
       [0.12884975, 0.13771428],
       [0.14204661, 0.25953828],
       [0.15483329, 0.26846017],
       [0.23160979, 0.26819208],
       [0.26067098, 0.12059587],
       [0.11714551, 0.28419461],
       [0.19871383, 0.2579819 ],
       [0.19154533, 0.18488312],
       [0.15441713, 0.19969459],
       [0.16698576, 0.09342379],
       [0.21007827, 0.10530127],
       [0.24226452, 0.11636462],
       [0.21407875, 0.29272631],
       [0.22941217, 0.18785608],
       [0.16046495, 0.19190529],
       [0.25934808, 0.10463032],
       [0.29979716, 0.23048917],
       [0.17885282, 0.19712978],
       [0.20643139, 0.23722253],
       [0.21819128, 0.14217244],
       [0.23222033, 0.09666373],
       [0.27983458, 0.12060943],
       [0.2512131 , 0.19940146],
       [0.18107438, 0.13191931],
       [0.21438246, 0.30558446],
       [0.11594311, 0.12158727],
       [0.13182124, 0.27297932],
       [0.23286084, 0.29730011],
       [0.18151692, 0.13326427],
       [0.09820641, 0.15370815],
       [0.28187703, 0.23896862],
       [0.2229087 , 0.27971002],
       [0.14766118, 0.23876357],
       [0.16238608, 0.27590736],
       [0.27473538, 0.26838065],
       [0.19401451, 0.1771557 ],
       [0.28208244, 0.19035857],
       [0.11613435, 0.15777405],
       [0.27318881, 0.25388062],
       [0.11655321, 0.24646411],
       [0.22074948, 0.23945434],
       [0.1978885 , 0.20709356],
       [0.12657807, 0.18451918],
       [0.30265177, 0.24232628],
       [0.2438504 , 0.21026574],
       [0.12080113, 0.22404233],
       [0.1932438 , 0.21473329],
       [0.23031951, 0.25248526],
       [0.26831341, 0.23789827],
       [0.19543873, 0.24777227],
       [0.13752106, 0.22061409],
       [0.1636717 , 0.13758804],
       [0.1431371 , 0.23392534],
       [0.24153019, 0.19027967],
       [0.28334533, 0.27189218],
       [0.13374455, 0.1164527 ],
       [0.59614736, 0.14380833],
       [0.52200088, 0.09495617],
       [0.43460376, 0.24739808],
       [0.44515355, 0.12868986],
       [0.57534886, 0.18627237],
       [0.4335516 , 0.2509789 ],
       [0.39450106, 0.20065836],
       [0.4529788 , 0.26132164],
       [0.51549183, 0.3016812 ],
       [0.45866035, 0.29627768],
       [0.53250237, 0.22579583],
       [0.46634639, 0.13311116],
       [0.60983418, 0.2104772 ],
       [0.39180577, 0.16381796],
       [0.47026853, 0.21298392],
       [0.54816695, 0.18221799],
       [0.55464282, 0.2530874 ],
       [0.48312728, 0.22284216],
       [0.45080593, 0.20161808],
       [0.4548126 , 0.12529402],
       [0.44019807, 0.25143502],
       [0.41864874, 0.21300193],
       [0.5220028 , 0.22736509],
       [0.49690064, 0.1650719 ],
       [0.5908502 , 0.24741478],
       [0.55180501, 0.17939828],
       [0.60245336, 0.20635565],
       [0.56862608, 0.16015368],
       [0.45167133, 0.2897109 ],
       [0.44086182, 0.10812827],
       [0.55054224, 0.09397731],
       [0.46541012, 0.19893661],
       [0.55717448, 0.11447996],
       [0.52471129, 0.09687676],
       [0.44661725, 0.21965599],
       [0.55172003, 0.17592644],
       [0.412518  , 0.28116186],
       [0.49356727, 0.27121794],
       [0.53830075, 0.21451238],
       [0.5351457 , 0.18856732],
       [0.48392723, 0.29925135],
       [0.60975347, 0.24307716],
       [0.60542945, 0.24393531],
       [0.56586029, 0.21049648],
       [0.46187543, 0.13004091],
       [0.41660281, 0.12660526],
       [0.47934949, 0.20288534],
       [0.43297389, 0.105526  ],
       [0.54214643, 0.19405118],
       [0.50848451, 0.19766421],
       [0.47748088, 0.29430789],
       [0.49516669, 0.10037893],
       [0.60279266, 0.16297977],
       [0.5776651 , 0.14261729],
       [0.53253835, 0.24332788],
       [0.52166587, 0.10849674],
       [0.42861685, 0.27997616],
       [0.4172815 , 0.11895835],
       [0.52902703, 0.17148668],
       [0.41281527, 0.22635359],
       [0.56657755, 0.27996715],
       [0.47103446, 0.270428  ],
       [0.61362051, 0.17490072],
       [0.47749038, 0.11890623],
       [0.47911999, 0.27089245],
       [0.4540785 , 0.28113049],
       [0.47535181, 0.08744515],
       [0.55743718, 0.10679255],
       [0.61138219, 0.20364688],
       [0.46894895, 0.26596833],
       [0.47903894, 0.16838821],
       [0.54996673, 0.11898634],
       [0.54595757, 0.15739914],
       [0.55542202, 0.13438246],
       [0.53792434, 0.08779691],
       [0.54202529, 0.29870202],
       [0.45233036, 0.11744769],
       [0.44621893, 0.09339114],
       [0.53579276, 0.11219238],
       [0.5689638 , 0.18344865],
       [0.53492196, 0.2003712 ],
       [0.46949822, 0.12527431],
       [0.55346787, 0.17991947],
       [0.51646871, 0.1954102 ],
       [0.40658691, 0.21691773],
       [0.43702183, 0.13079036],
       [0.48206789, 0.20044202],
       [0.3940756 , 0.16618001],
       [0.52520957, 0.23902655],
       [0.41522466, 0.17875572],
       [0.50024343, 0.13750116],
       [0.57629864, 0.21495285],
       [0.43156943, 0.22204273],
       [0.52155153, 0.25986661],
       [0.54625945, 0.24154767],
       [0.50064076, 0.08490853],
       [0.39612991, 0.24044807],
       [0.58887046, 0.13871847],
       [0.58224755, 0.24816085],
       [0.56339938, 0.26449042],
       [0.54231963, 0.2276325 ],
       [0.53507849, 0.15935331],
       [0.55074988, 0.18369276],
       [0.48349246, 0.1883644 ],
       [0.55620327, 0.19816411],
       [0.47703041, 0.17152238],
       [0.44972895, 0.24257737],
       [0.42490827, 0.12182857],
       [0.39470001, 0.2036633 ],
       [0.50767441, 0.11963015],
       [0.60384586, 0.2241501 ],
       [0.47551317, 0.23739935],
       [0.55048082, 0.2345112 ],
       [0.52007106, 0.24896055],
       [0.50287975, 0.16320336],
       [0.53911897, 0.30967392],
       [0.58115313, 0.12790098],
       [0.56438642, 0.27616964],
       [0.51746635, 0.08943438],
       [0.57515744, 0.20940936],
       [0.46390994, 0.12119237],
       [0.51282318, 0.12363863],
       [0.5836395 , 0.25576676],
       [0.58708736, 0.15419177],
       [0.50584106, 0.13384002],
       [0.48170021, 0.12004539],
       [0.58815601, 0.2731677 ],
       [0.45598299, 0.089672  ],
       [0.47517299, 0.19755627],
       [0.40280583, 0.1474478 ],
       [0.42329602, 0.12612398],
       [0.53353665, 0.16411315],
       [0.50342716, 0.09764241],
       [0.47450226, 0.23908901],
       [0.47394911, 0.10711059],
       [0.43841676, 0.2979859 ],
       [0.47816806, 0.22187378],
       [0.52846644, 0.15022719],
       [0.41562505, 0.15105196],
       [0.52572173, 0.29622101],
       [0.39501586, 0.21829722],
       [0.4258158 , 0.10882004],
       [0.5883975 , 0.21583867],
       [0.49678931, 0.20518141],
       [0.56569063, 0.25098892],
       [0.47600649, 0.26332903],
       [0.47110421, 0.15085296],
       [0.5640315 , 0.15877928],
       [0.41818017, 0.26345395],
       [0.44458918, 0.22924164],
       [0.49846624, 0.10192746],
       [0.57834267, 0.12352375],
       [0.47585963, 0.30458236],
       [0.42443186, 0.16628706],
       [0.4018536 , 0.19861366],
       [0.47952889, 0.17451811],
       [0.52031909, 0.25692723],
       [0.48533301, 0.20033387],
       [0.48287401, 0.23746745],
       [0.61928868, 0.20515528],
       [0.50248049, 0.22071674],
       [0.40791306, 0.18923114],
       [0.39635498, 0.25536251],
       [0.53152679, 0.27968316],
       [0.44209511, 0.12005751],
       [0.52145389, 0.14105136],
       [0.73356013, 0.25207557],
       [0.75261659, 0.26965693],
       [0.80977426, 0.28717085],
       [0.86637592, 0.20592192],
       [0.76419291, 0.18170744],
       [0.90736803, 0.17806248],
       [0.76971674, 0.14632166],
       [0.81378116, 0.08505704],
       [0.76022274, 0.14447094],
       [0.73719341, 0.29290371],
       [0.87986345, 0.26241548],
       [0.85088346, 0.18199067],
       [0.85984677, 0.27184804],
       [0.8036498 , 0.2166038 ],
       [0.77831512, 0.28300113],
       [0.89459209, 0.22962231],
       [0.77556972, 0.20574506],
       [0.86903566, 0.22379278],
       [0.82793655, 0.23863777],
       [0.85767211, 0.180925  ],
       [0.68618722, 0.17805433],
       [0.74765012, 0.205793  ],
       [0.89205243, 0.2099727 ],
       [0.75340224, 0.29898091],
       [0.84639033, 0.24643877],
       [0.82558966, 0.29035621],
       [0.71063204, 0.14461542],
       [0.71585717, 0.15774578],
       [0.82148374, 0.22286877],
       [0.76765882, 0.31109445],
       [0.80762031, 0.2795216 ],
       [0.79647167, 0.26379341],
       [0.71644593, 0.28042528],
       [0.87279332, 0.23611076],
       [0.85413784, 0.2544931 ],
       [0.72693073, 0.24056537],
       [0.78813916, 0.15750674],
       [0.88592119, 0.24819622],
       [0.76831429, 0.26593176],
       [0.86794608, 0.15221287],
       [0.75889593, 0.2933525 ],
       [0.71182818, 0.15127595],
       [0.91311328, 0.16753402],
       [0.71876237, 0.25919888],
       [0.88088043, 0.19993778],
       [0.68822064, 0.23482466],
       [0.78967249, 0.17460529],
       [0.85149017, 0.26816237],
       [0.81395686, 0.19876994],
       [0.79989445, 0.17857716],
       [0.89492017, 0.1354415 ],
       [0.89096307, 0.22592498],
       [0.767053  , 0.24942178],
       [0.79301579, 0.09215688],
       [0.75461324, 0.142897  ],
       [0.86312847, 0.28912442],
       [0.78230466, 0.26546137],
       [0.83468506, 0.2306631 ],
       [0.72586993, 0.19208399],
       [0.81197374, 0.14970211],
       [0.69273376, 0.22853836],
       [0.73220135, 0.18929029],
       [0.76188325, 0.25622042],
       [0.83991386, 0.23076877],
       [0.71761483, 0.27654556],
       [0.84625315, 0.21923276],
       [0.82299606, 0.09044657],
       [0.89217099, 0.22067128],
       [0.7666021 , 0.19178589],
       [0.76216574, 0.09410755],
       [0.79186001, 0.26808521],
       [0.71383291, 0.20523901],
       [0.77816149, 0.1689803 ],
       [0.8273029 , 0.18657268],
       [0.81966363, 0.28682292],
       [0.71609248, 0.15861668],
       [0.84417674, 0.17171318],
       [0.83865956, 0.29114279],
       [0.78199765, 0.11145899],
       [0.82178174, 0.20216627],
       [0.72663551, 0.29264392],
       [0.76638624, 0.19093021],
       [0.84623311, 0.19838291],
       [0.88542559, 0.27550825],
       [0.7602865 , 0.16706714],
       [0.86559317, 0.110449  ],
       [0.7249013 , 0.11541594],
       [0.8009101 , 0.15633365],
       [0.78428832, 0.16442931],
       [0.71941472, 0.26867654],
       [0.73347125, 0.18872388],
       [0.75884944, 0.28758774],
       [0.71847239, 0.24127087],
       [0.76358212, 0.14750773],
       [0.7868402 , 0.16239198],
       [0.85246349, 0.09857926],
       [0.88877818, 0.25000036],
       [0.85341575, 0.21454043],
       [0.76282266, 0.2648699 ],
       [0.91676298, 0.2184807 ],
       [0.81421343, 0.2409309 ],
       [0.74719115, 0.18779511],
       [0.86125379, 0.19832049],
       [0.80824303, 0.09958306],
       [0.69082231, 0.19359866],
       [0.74348958, 0.16494089],
       [0.83922214, 0.26904785],
       [0.75995704, 0.0991878 ],
       [0.80429922, 0.1983777 ],
       [0.72650125, 0.12625984],
       [0.91260888, 0.21002825],
       [0.88888472, 0.13931871],
       [0.69186973, 0.2183938 ],
       [0.76726955, 0.19177047],
       [0.86030501, 0.16258288],
       [0.68368926, 0.22569764],
       [0.90013137, 0.22350061],
       [0.8371509 , 0.16739553],
       [0.84204028, 0.09034699],
       [0.82149665, 0.11515328],
       [0.75827216, 0.3028727 ],
       [0.70634101, 0.20649943],
       [0.84354264, 0.23737878],
       [0.82458875, 0.24567101],
       [0.77228498, 0.12742693],
       [0.85419266, 0.24319009],
       [0.78859955, 0.09788394],
       [0.72299518, 0.22218488],
       [0.80831959, 0.12708282],
       [0.82783707, 0.23746674],
       [0.79591356, 0.26171794],
       [0.87776295, 0.24740395],
       [0.82268379, 0.10984435],
       [0.76510629, 0.28771482],
       [0.77630429, 0.23687124],
       [0.69338857, 0.16507413],
       [0.80117108, 0.20059919],
       [0.87794797, 0.28813699],
       [0.89462307, 0.22489301],
       [0.91346064, 0.20286426],
       [0.86584195, 0.12641727],
       [0.81920857, 0.16070808],
       [0.87555336, 0.27959865],
       [0.83780162, 0.28127203],
       [0.77551904, 0.21440283],
       [0.91487412, 0.23400653],
       [0.72395712, 0.27705731],
       [0.74156923, 0.16804346],
       [0.8120057 , 0.170096  ],
       [0.80902806, 0.12688302],
       [0.72696112, 0.20407042],
       [0.70368205, 0.13069101],
       [0.78825831, 0.1542967 ],
       [0.75985997, 0.25173881],
       [0.87824216, 0.14973059],
       [0.75326002, 0.25859062],
       [0.91119861, 0.2020008 ],
       [0.8454877 , 0.09685852],
       [0.70982694, 0.24562529],
       [0.72785663, 0.11969905],
       [0.77662724, 0.23368949],
       [0.84457754, 0.22149629],
       [0.71055663, 0.19864648],
       [0.8288263 , 0.2040115 ],
       [0.83143985, 0.26316621],
       [0.82803412, 0.27192496],
       [0.15474205, 0.43774485],
       [0.23875533, 0.57179885],
       [0.29303192, 0.46582646],
       [0.18982498, 0.40380652],
       [0.2294774 , 0.40851779],
       [0.27816211, 0.44074766],
       [0.1571328 , 0.59102803],
       [0.08911251, 0.45733011],
       [0.18937876, 0.49894245],
       [0.10274695, 0.49236674],
       [0.22660392, 0.44073005],
       [0.24506244, 0.43751992],
       [0.20045612, 0.52872305],
       [0.17910792, 0.53790678],
       [0.1792801 , 0.40159574],
       [0.17525033, 0.49848413],
       [0.31014752, 0.48001998],
       [0.17827507, 0.5256214 ],
       [0.10027714, 0.43516931],
       [0.15656105, 0.45493481],
       [0.28889457, 0.46797743],
       [0.25916527, 0.44451285],
       [0.28295108, 0.55615942],
       [0.16541403, 0.56687787],
       [0.09029304, 0.50865351],
       [0.19670791, 0.5009086 ],
       [0.20196526, 0.43057465],
       [0.10898884, 0.50622124],
       [0.30849902, 0.46433792],
       [0.26093732, 0.46410691],
       [0.24369333, 0.45744252],
       [0.14943078, 0.57930689],
       [0.12877834, 0.41133351],
       [0.24840323, 0.57785123],
       [0.23556558, 0.59672415],
       [0.17175892, 0.39173804],
       [0.29646178, 0.51539378],
       [0.18977806, 0.49979594],
       [0.24560698, 0.40981909],
       [0.3148185 , 0.47226348],
       [0.15965902, 0.53635361],
       [0.30537931, 0.4428519 ],
       [0.25499155, 0.48868128],
       [0.12837325, 0.57590522],
       [0.27117359, 0.50605658],
       [0.12777887, 0.41790062],
       [0.09579268, 0.51649558],
       [0.15690651, 0.54532212],
       [0.29776914, 0.46152481],
       [0.15500169, 0.47780256],
       [0.25872878, 0.40975729],
       [0.20061443, 0.51611424],
       [0.19626162, 0.5921955 ],
       [0.14876679, 0.5958414 ],
       [0.16148392, 0.58664567],
       [0.1895417 , 0.5270618 ],
       [0.18828955, 0.42598608],
       [0.17504009, 0.53444847],
       [0.14801519, 0.55252864],
       [0.18443822, 0.52172758],
       [0.12424804, 0.42438805],
       [0.16518515, 0.43772501],
       [0.15068058, 0.4118692 ],
       [0.10450537, 0.5437039 ],
       [0.16540344, 0.5809754 ],
       [0.18455253, 0.52059292],
       [0.19544883, 0.59807557],
       [0.30007024, 0.54948975],
       [0.28413996, 0.57063957],
       [0.11124613, 0.57295348],
       [0.10678991, 0.52343394],
       [0.12594939, 0.41424132],
       [0.19447156, 0.46478381],
       [0.27626133, 0.41197237],
       [0.10052741, 0.52786362],
       [0.2424586 , 0.59444561],
       [0.28138673, 0.4624841 ],
       [0.11125216, 0.45737579],
       [0.10684492, 0.53534557],
       [0.1254766 , 0.52948465],
       [0.17537631, 0.54562271],
       [0.18076437, 0.61533608],
       [0.13304549, 0.46549415],
       [0.18534277, 0.42655208],
       [0.13433796, 0.48703735],
       [0.29289909, 0.53748169],
       [0.13072728, 0.42756627],
       [0.15296169, 0.57012652],
       [0.14776475, 0.39447291],
       [0.1905014 , 0.5774064 ],
       [0.29079791, 0.51394133],
       [0.14328085, 0.4346144 ],
       [0.23738539, 0.54153708],
       [0.10898386, 0.51055298],
       [0.25009557, 0.58554503],
       [0.09965764, 0.45305452],
       [0.28445239, 0.41866826],
       [0.11903893, 0.55401273],
       [0.11278221, 0.44593316],
       [0.1967991 , 0.50099296],
       [0.17078565, 0.59941608],
       [0.21570566, 0.42759284],
       [0.30339109, 0.45880273],
       [0.16421835, 0.45615378],
       [0.18406412, 0.53243426],
       [0.10634264, 0.45710443],
       [0.13019107, 0.59725614],
       [0.10214195, 0.43279971],
       [0.23113234, 0.45970525],
       [0.18249982, 0.55174611],
       [0.22662319, 0.41405725],
       [0.20666722, 0.40968892],
       [0.25101282, 0.424407  ],
       [0.24575948, 0.6097601 ],
       [0.15838709, 0.52854143],
       [0.25953936, 0.39776195],
       [0.18957678, 0.50427481],
       [0.23709951, 0.54076308],
       [0.23145324, 0.61366044],
       [0.20897244, 0.55846832],
       [0.14849273, 0.47230235],
       [0.19637911, 0.42688939],
       [0.10458991, 0.47943475],
       [0.15191321, 0.50105484],
       [0.2587649 , 0.49605065],
       [0.16402085, 0.60800472],
       [0.23629631, 0.60419341],
       [0.16706259, 0.59558412],
       [0.30325611, 0.49783283],
       [0.30280049, 0.54648996],
       [0.18475214, 0.40033851],
       [0.17116926, 0.51655757],
       [0.18120339, 0.60885285],
       [0.14443595, 0.39502833],
       [0.2142609 , 0.55529582],
       [0.24881706, 0.43285472],
       [0.17085108, 0.44261774],
       [0.19639693, 0.52779869],
       [0.16503104, 0.53519405],
       [0.17377823, 0.43173785],
       [0.16562364, 0.53201037],
       [0.21458306, 0.45163884],
       [0.28680517, 0.47091466],
       [0.20147735, 0.57287475],
       [0.19140735, 0.46834874],
       [0.14139094, 0.50894218],
       [0.1195552 , 0.53557679],
       [0.26170018, 0.39895316],
       [0.17645949, 0.49180691],
       [0.30133197, 0.46406447],
       [0.14674202, 0.53074257],
       [0.18337399, 0.45798811],
       [0.20793617, 0.5671498 ],
       [0.20556903, 0.51576761],
       [0.11544276, 0.5824402 ],
       [0.21019759, 0.47992845],
       [0.30063221, 0.48740391],
       [0.28195517, 0.41544866],
       [0.19368287, 0.39343274],
       [0.12082004, 0.48438524],
       [0.18155142, 0.43590355],
       [0.14646601, 0.47841332],
       [0.1492997 , 0.56835935],
       [0.2724454 , 0.41972526],
       [0.11633343, 0.43464666],
       [0.14256876, 0.41780693],
       [0.54587255, 0.41051842],
       [0.56755804, 0.47496254],
       [0.43947034, 0.60356844],
       [0.5027128 , 0.48707946],
       [0.44116945, 0.45701564],
       [0.55613818, 0.59660788],
       [0.5526236 , 0.47606073],
       [0.58922112, 0.55974026],
       [0.4815733 , 0.42764421],
       [0.60558975, 0.49661635],
       [0.58480025, 0.5133281 ],
       [0.52142534, 0.58999706],
       [0.48173025, 0.60872896],
       [0.43665544, 0.52468877],
       [0.40496481, 0.52737125],
       [0.50662137, 0.56263247],
       [0.44660877, 0.51999473],
       [0.60836371, 0.54003775],
       [0.51821847, 0.53731862],
       [0.48336528, 0.56259213],
       [0.56476847, 0.46020471],
       [0.4740827 , 0.41493559],
       [0.46029868, 0.47965528],
       [0.52475379, 0.44975559],
       [0.39943798, 0.43566874],
       [0.43952889, 0.41328877],
       [0.55903653, 0.55798338],
       [0.47840361, 0.40555541],
       [0.4391086 , 0.52034481],
       [0.44686077, 0.411447  ],
       [0.4907038 , 0.5298377 ],
       [0.47245129, 0.50725464],
       [0.46064703, 0.47008881],
       [0.52880301, 0.40422622],
       [0.49483409, 0.55601396],
       [0.44794838, 0.5969346 ],
       [0.56086906, 0.46604083],
       [0.52295113, 0.51225585],
       [0.47799621, 0.53422249],
       [0.50906503, 0.43685982],
       [0.48158747, 0.53902795],
       [0.3933657 , 0.52773673],
       [0.57816953, 0.44904997],
       [0.45469129, 0.55118607],
       [0.60980957, 0.49790778],
       [0.52919603, 0.54703198],
       [0.4157778 , 0.44370397],
       [0.5314443 , 0.57153498],
       [0.40751273, 0.47567995],
       [0.48851522, 0.50060107],
       [0.49867712, 0.50458084],
       [0.54301029, 0.42856366],
       [0.4929125 , 0.40294372],
       [0.42844607, 0.45146587],
       [0.58565761, 0.5067165 ],
       [0.53122483, 0.4613212 ],
       [0.51576831, 0.5311578 ],
       [0.46125218, 0.41588339],
       [0.59220689, 0.51519056],
       [0.5566523 , 0.43807925],
       [0.40248368, 0.4452103 ],
       [0.4696567 , 0.52206085],
       [0.47421222, 0.4123603 ],
       [0.46150867, 0.53327104],
       [0.5103509 , 0.44181013],
       [0.53955655, 0.40112327],
       [0.41236634, 0.5091235 ],
       [0.55239424, 0.43734375],
       [0.44119949, 0.43515551],
       [0.49208238, 0.58863537],
       [0.49501325, 0.57720238],
       [0.47786945, 0.57439511],
       [0.55120806, 0.51275158],
       [0.54596242, 0.40634773],
       [0.48937457, 0.5673458 ],
       [0.48704257, 0.45515478],
       [0.4494125 , 0.46595272],
       [0.51265482, 0.60159359],
       [0.38989981, 0.52731094],
       [0.44896059, 0.41001105],
       [0.51413221, 0.50446494],
       [0.4297411 , 0.57529458],
       [0.54234729, 0.57369179],
       [0.47160442, 0.43193874],
       [0.53537228, 0.55089429],
       [0.59447363, 0.52229295],
       [0.58403636, 0.45159244],
       [0.42067909, 0.49418419],
       [0.4822921 , 0.53742229],
       [0.46678705, 0.43357704],
       [0.47478801, 0.51644642],
       [0.59585015, 0.55455712],
       [0.4340526 , 0.56460534],
       [0.48788081, 0.54524488],
       [0.5011756 , 0.46352785],
       [0.59312022, 0.51626379],
       [0.41665039, 0.51271478],
       [0.54311822, 0.58628524],
       [0.4311958 , 0.5439219 ],
       [0.50171403, 0.44477155],
       [0.56150759, 0.43016677],
       [0.56757905, 0.45475754],
       [0.44734223, 0.56148526],
       [0.46908759, 0.58732438],
       [0.42547369, 0.44320521],
       [0.4236304 , 0.48969115],
       [0.59056049, 0.55346654],
       [0.5886454 , 0.5101446 ],
       [0.42279914, 0.52344557],
       [0.59136933, 0.49829568],
       [0.40849696, 0.45666882],
       [0.46952507, 0.50582398],
       [0.53003256, 0.38520883],
       [0.49740261, 0.47499669],
       [0.49694787, 0.4642146 ],
       [0.39421335, 0.46107201],
       [0.40840276, 0.53104147],
       [0.58384725, 0.58555052],
       [0.55004052, 0.40037233],
       [0.51831802, 0.46608748],
       [0.53578046, 0.41053352],
       [0.49915625, 0.44318758],
       [0.53363889, 0.51099752],
       [0.45210756, 0.56367141],
       [0.55296923, 0.46416271],
       [0.47142803, 0.47583712],
       [0.57251442, 0.56521421],
       [0.46815421, 0.56916638],
       [0.46205077, 0.4010311 ],
       [0.58604908, 0.475006  ],
       [0.51205516, 0.41887392],
       [0.51822679, 0.53588386],
       [0.60771994, 0.48992227],
       [0.45035249, 0.46792637],
       [0.48513296, 0.54679338],
       [0.42239927, 0.50435324],
       [0.61251386, 0.48418332],
       [0.57102387, 0.41631885],
       [0.5582068 , 0.47700669],
       [0.54783368, 0.43377795],
       [0.46967036, 0.54290842],
       [0.53516721, 0.47389183],
       [0.55963663, 0.54819906],
       [0.48485953, 0.52035401],
       [0.46089587, 0.42636453],
       [0.45887887, 0.54429772],
       [0.45580012, 0.50222716],
       [0.43266874, 0.43311263],
       [0.51972038, 0.43537785],
       [0.42996661, 0.4180911 ],
       [0.50471098, 0.4002247 ],
       [0.47405223, 0.44310796],
       [0.58050391, 0.54750456],
       [0.47694967, 0.45484669],
       [0.59138066, 0.43659973],
       [0.61541196, 0.49899626],
       [0.45741793, 0.60578517],
       [0.45348106, 0.50093749],
       [0.44058606, 0.54338886],
       [0.53734882, 0.53238564],
       [0.6007532 , 0.45998704],
       [0.60963798, 0.53411444],
       [0.39784559, 0.51925182],
       [0.54355854, 0.54486293],
       [0.4859046 , 0.54978562],
       [0.44375869, 0.52883705],
       [0.84679745, 0.43534311],
       [0.89437983, 0.55791111],
       [0.83408791, 0.52656865],
       [0.90065554, 0.44723568],
       [0.81922793, 0.56275559],
       [0.79765103, 0.44349368],
       [0.78626087, 0.58989202],
       [0.87003592, 0.49951584],
       [0.87693931, 0.50588427],
       [0.81656575, 0.51804906],
       [0.8788824 , 0.53077594],
       [0.81045197, 0.57582363],
       [0.71944923, 0.4351771 ],
       [0.77971065, 0.43293658],
       [0.86516937, 0.43629841],
       [0.86057572, 0.50421758],
       [0.77793262, 0.47198606],
       [0.79991166, 0.39566841],
       [0.84648603, 0.40007978],
       [0.80900516, 0.60157662],
       [0.87075885, 0.43234357],
       [0.87099774, 0.49352751],
       [0.84028253, 0.47914686],
       [0.73685268, 0.42084206],
       [0.87049583, 0.41915941],
       [0.79288705, 0.48771572],
       [0.73561529, 0.54936007],
       [0.73152135, 0.40807247],
       [0.81701972, 0.56540571],
       [0.86359978, 0.54566476],
       [0.79347264, 0.55849952],
       [0.84687471, 0.53578179],
       [0.80763188, 0.47202673],
       [0.88256594, 0.47349845],
       [0.75947275, 0.59088625],
       [0.85796789, 0.55598609],
       [0.83066242, 0.60763117],
       [0.89697278, 0.48314854],
       [0.80531781, 0.42158328],
       [0.89932943, 0.49749848],
       [0.69794707, 0.48889588],
       [0.76975751, 0.38697157],
       [0.74843516, 0.40010568],
       [0.76347996, 0.51866295],
       [0.75661215, 0.39548654],
       [0.82695864, 0.44350094],
       [0.70235057, 0.51391855],
       [0.88345506, 0.41435853],
       [0.82215903, 0.45566604],
       [0.88931379, 0.45883378],
       [0.80837262, 0.60439494],
       [0.75795222, 0.60434369],
       [0.84181487, 0.54896821],
       [0.76613196, 0.50334079],
       [0.76105819, 0.38965785],
       [0.77230514, 0.53182478],
       [0.82241764, 0.4533614 ],
       [0.85563952, 0.5865172 ],
       [0.90678778, 0.50404423],
       [0.78663464, 0.46322051],
       [0.77026479, 0.52141117],
       [0.83708592, 0.46608159],
       [0.68102807, 0.48545061],
       [0.79833275, 0.44590678],
       [0.88362123, 0.47865664],
       [0.88172293, 0.4211429 ],
       [0.88487669, 0.48267638],
       [0.89323452, 0.43242557],
       [0.71708125, 0.56633735],
       [0.90434978, 0.54951957],
       [0.88063278, 0.54721956],
       [0.68652269, 0.53530397],
       [0.68709083, 0.5209155 ],
       [0.82155999, 0.48538508],
       [0.76057597, 0.41460417],
       [0.87050929, 0.53003719],
       [0.83156357, 0.53721353],
       [0.88523956, 0.52522415],
       [0.86260644, 0.57533337],
       [0.80566948, 0.58608732],
       [0.83446888, 0.61426745],
       [0.72255001, 0.4600958 ],
       [0.81812708, 0.44007798],
       [0.69218259, 0.51172647],
       [0.74164796, 0.52624905],
       [0.89152541, 0.45609188],
       [0.82022268, 0.57937119],
       [0.88357959, 0.56105558],
       [0.81861546, 0.38876536],
       [0.72353818, 0.45651573],
       [0.71033481, 0.56421231],
       [0.76279968, 0.49513848],
       [0.84511375, 0.56338126],
       [0.83094619, 0.59032692],
       [0.90379069, 0.53759958],
       [0.8618387 , 0.4471307 ],
       [0.83318125, 0.57388344],
       [0.87704853, 0.58563901],
       [0.78762548, 0.48477759],
       [0.6861194 , 0.53506715],
       [0.79649582, 0.58501305],
       [0.83882238, 0.55948737],
       [0.74839136, 0.44379215],
       [0.86187066, 0.5364884 ],
       [0.88432123, 0.52638573],
       [0.87851566, 0.4744661 ],
       [0.8025782 , 0.47779359],
       [0.85913659, 0.43608529],
       [0.83499687, 0.46110041],
       [0.77402276, 0.39195361],
       [0.71970458, 0.5708523 ],
       [0.68877203, 0.50171952],
       [0.75944152, 0.54580311],
       [0.74446849, 0.48006846],
       [0.78182146, 0.5831546 ],
       [0.82934839, 0.5111499 ],
       [0.74483451, 0.47787619],
       [0.74443579, 0.53209312],
       [0.90706982, 0.54279066],
       [0.71426402, 0.55713055],
       [0.76302394, 0.4162237 ],
       [0.88054667, 0.54498179],
       [0.71093807, 0.52089045],
       [0.89222094, 0.50751208],
       [0.86925366, 0.50993602],
       [0.85106248, 0.49529848],
       [0.81247524, 0.55367464],
       [0.90402462, 0.5347022 ],
       [0.86057114, 0.44476735],
       [0.77422553, 0.61571653],
       [0.90398634, 0.55260074],
       [0.70294089, 0.56461419],
       [0.9170614 , 0.49060467],
       [0.79519538, 0.47287408],
       [0.88179766, 0.5396244 ],
       [0.90949284, 0.49791283],
       [0.74142068, 0.59389374],
       [0.75544344, 0.51554397],
       [0.79172809, 0.54202416],
       [0.78146835, 0.52532928],
       [0.7402692 , 0.39718205],
       [0.70713847, 0.52553949],
       [0.73705844, 0.46220377],
       [0.82227156, 0.46727967],
       [0.74679087, 0.51838052],
       [0.73592134, 0.43518034],
       [0.77149535, 0.56800115],
       [0.72581374, 0.42553969],
       [0.72665878, 0.40962584],
       [0.88520903, 0.44067749],
       [0.73034822, 0.4201182 ],
       [0.73238907, 0.46599197],
       [0.8457802 , 0.55295878],
       [0.86095437, 0.5911141 ],
       [0.85979176, 0.41965559],
       [0.85816286, 0.47522236],
       [0.84588216, 0.60911268],
       [0.81612253, 0.56124562],
       [0.83545526, 0.48695682],
       [0.8137503 , 0.50250141],
       [0.85388438, 0.58148002],
       [0.79118655, 0.56171684],
       [0.7478289 , 0.44110426],
       [0.85205823, 0.39381177],
       [0.80331776, 0.52992097],
       [0.7125708 , 0.4394452 ],
       [0.2212898 , 0.68349869],
       [0.14417449, 0.8945817 ],
       [0.14924845, 0.74792535],
       [0.16806727, 0.85374052],
       [0.16003282, 0.71616305],
       [0.23949835, 0.847358  ],
       [0.13554069, 0.8129174 ],
       [0.12359117, 0.84111105],
       [0.30927351, 0.76697183],
       [0.19855421, 0.90174252],
       [0.29071065, 0.79499277],
       [0.15148999, 0.73476385],
       [0.22016012, 0.71450239],
       [0.28474648, 0.87193605],
       [0.26681797, 0.72086118],
       [0.19718777, 0.84289572],
       [0.09885718, 0.86354104],
       [0.22765528, 0.82803574],
       [0.15526349, 0.69404157],
       [0.16563095, 0.8792777 ],
       [0.10557292, 0.74575306],
       [0.13946443, 0.84293572],
       [0.15698246, 0.74964181],
       [0.12668121, 0.79318015],
       [0.20938905, 0.73369922],
       [0.21998313, 0.90279368],
       [0.14437693, 0.82697963],
       [0.23239697, 0.78310939],
       [0.17171626, 0.74368373],
       [0.14434468, 0.76090439],
       [0.22556851, 0.7477902 ],
       [0.15193629, 0.71223227],
       [0.23830765, 0.85085899],
       [0.15344301, 0.73540694],
       [0.251472  , 0.82318164],
       [0.16214033, 0.6995942 ],
       [0.15163737, 0.82141643],
       [0.11914013, 0.81857948],
       [0.16025136, 0.8377483 ],
       [0.23885798, 0.70157658],
       [0.13131815, 0.73252359],
       [0.22750441, 0.89674887],
       [0.22659743, 0.8612403 ],
       [0.24159891, 0.83653922],
       [0.18611893, 0.89580126],
       [0.17261753, 0.88090186],
       [0.12015735, 0.84081917],
       [0.25692648, 0.79828492],
       [0.19322644, 0.73734058],
       [0.27909208, 0.85546375],
       [0.23599733, 0.78499903],
       [0.12370262, 0.86221457],
       [0.12671398, 0.86407564],
       [0.14385808, 0.729084  ],
       [0.25616129, 0.8913406 ],
       [0.26784921, 0.83286008],
       [0.09486951, 0.80141071],
       [0.19035626, 0.83949716],
       [0.10185835, 0.83478408],
       [0.16117945, 0.77842331],
       [0.17437398, 0.74499377],
       [0.25108339, 0.85433214],
       [0.24558136, 0.86594836],
       [0.18445587, 0.7212645 ],
       [0.21459412, 0.79893901],
       [0.19419171, 0.86621799],
       [0.14335797, 0.82307093],
       [0.25366424, 0.7814882 ],
       [0.15575628, 0.80025332],
       [0.10572881, 0.75640859],
       [0.21834474, 0.84057748],
       [0.15282791, 0.69091314],
       [0.16877942, 0.87043691],
       [0.26821028, 0.81347057],
       [0.08271581, 0.79096854],
       [0.20918744, 0.85377353],
       [0.25152616, 0.80342274],
       [0.30900302, 0.84902038],
       [0.14855986, 0.79851944],
       [0.19991602, 0.89820775],
       [0.24852591, 0.75289916],
       [0.10234268, 0.86785501],
       [0.19337004, 0.8840845 ],
       [0.30901012, 0.83050322],
       [0.15883914, 0.6976714 ],
       [0.17440061, 0.72422593],
       [0.1059849 , 0.73792313],
       [0.16187407, 0.79553941],
       [0.24540784, 0.74621082],
       [0.26040559, 0.8703002 ],
       [0.25784658, 0.77510862],
       [0.08545332, 0.78446042],
       [0.08278954, 0.80270291],
       [0.24141448, 0.78748785],
       [0.15811174, 0.6876071 ],
       [0.16838035, 0.7853709 ],
       [0.2537522 , 0.7844597 ],
       [0.20221598, 0.8839023 ],
       [0.25261834, 0.74799283],
       [0.23179961, 0.71251161],
       [0.172602  , 0.75359819],
       [0.18253646, 0.77524921],
       [0.28191215, 0.75342536],
       [0.09134698, 0.81958297],
       [0.19240847, 0.73244796],
       [0.13196336, 0.83292052],
       [0.1089086 , 0.85739178],
       [0.17902102, 0.76038286],
       [0.16862845, 0.69436738],
       [0.26451883, 0.74543912],
       [0.22754442, 0.74946896],
       [0.15617368, 0.69057252],
       [0.19187071, 0.74086705],
       [0.31657947, 0.78324654],
       [0.24051518, 0.85098624],
       [0.22811688, 0.78147883],
       [0.12543381, 0.81024937],
       [0.2566396 , 0.76805377],
       [0.27873233, 0.83064079],
       [0.14808766, 0.69815085],
       [0.18710788, 0.76133865],
       [0.27497159, 0.8325763 ],
       [0.28707313, 0.86701456],
       [0.2695797 , 0.85742386],
       [0.15126987, 0.8337469 ],
       [0.08085307, 0.80124718],
       [0.11271022, 0.8121755 ],
       [0.10135329, 0.86709993],
       [0.31924222, 0.79784518],
       [0.10384533, 0.82804761],
       [0.10827506, 0.83754592],
       [0.10323073, 0.84394119],
       [0.23245837, 0.72980918],
       [0.301507  , 0.78528378],
       [0.24115327, 0.75926502],
       [0.13432043, 0.79900485],
       [0.13359061, 0.74089644],
       [0.29116797, 0.84715622],
       [0.2378539 , 0.90012451],
       [0.11222792, 0.87388407],
       [0.23817711, 0.77060871],
       [0.15201758, 0.88558845],
       [0.24747562, 0.74964501],
       [0.16437663, 0.8375946 ],
       [0.13318636, 0.79271179],
       [0.25363719, 0.83988012],
       [0.26577556, 0.82041637],
       [0.25553005, 0.79668465],
       [0.13829671, 0.88248183],
       [0.25530175, 0.70004589],
       [0.22131621, 0.75632441],
       [0.12285007, 0.84288833],
       [0.23260158, 0.72727332],
       [0.2066998 , 0.75722522],
       [0.11115463, 0.85581952],
       [0.09160382, 0.83596197],
       [0.17604592, 0.71906725],
       [0.23344302, 0.74347791],
       [0.10734743, 0.75403777],
       [0.11227744, 0.83839274],
       [0.25892029, 0.78326879],
       [0.15619197, 0.81589881],
       [0.24599355, 0.88582637],
       [0.15536256, 0.69554864],
       [0.24385391, 0.70975346],
       [0.11645263, 0.74068441],
       [0.39088931, 0.78392378],
       [0.45024842, 0.82862248],
       [0.5787103 , 0.87779589],
       [0.54305961, 0.89597274],
       [0.51425582, 0.91376919],
       [0.42166896, 0.86023125],
       [0.53454621, 0.82799574],
       [0.48609721, 0.85673604],
       [0.57357908, 0.75057582],
       [0.40995159, 0.87877485],
       [0.56336649, 0.71004869],
       [0.42942204, 0.8129418 ],
       [0.60374001, 0.76322446],
       [0.56968817, 0.7624742 ],
       [0.56208007, 0.74937807],
       [0.56038058, 0.728232  ],
       [0.58415781, 0.83267439],
       [0.44532951, 0.73751939],
       [0.44222353, 0.78911575],
       [0.58627357, 0.82095483],
       [0.53159631, 0.70899675],
       [0.60387442, 0.83566069],
       [0.46186872, 0.75961184],
       [0.44215771, 0.82609124],
       [0.41392485, 0.76112419],
       [0.45173384, 0.76349455],
       [0.47842737, 0.81279899],
       [0.59590862, 0.74656273],
       [0.48030583, 0.7912457 ],
       [0.55550886, 0.90059245],
       [0.53147948, 0.77139303],
       [0.56022135, 0.79689878],
       [0.50141838, 0.7416565 ],
       [0.41521798, 0.83495091],
       [0.52485628, 0.8115981 ],
       [0.61726675, 0.82375283],
       [0.50284569, 0.70465084],
       [0.56922538, 0.85492033],
       [0.55916633, 0.71889967],
       [0.54034616, 0.74212416],
       [0.47752365, 0.83021001],
       [0.53494746, 0.82244027],
       [0.39352056, 0.83264816],
       [0.4948232 , 0.75470473],
       [0.49233794, 0.77735286],
       [0.52458924, 0.77107636],
       [0.58946224, 0.76090274],
       [0.50365952, 0.88034148],
       [0.43138896, 0.72706566],
       [0.44153049, 0.82679227],
       [0.44068017, 0.81431033],
       [0.53734621, 0.74876955],
       [0.56770635, 0.76921818],
       [0.4634433 , 0.73744711],
       [0.55245186, 0.73641282],
       [0.56189476, 0.87697171],
       [0.60320203, 0.83235869],
       [0.38691445, 0.81230537],
       [0.47413338, 0.88022743],
       [0.54154812, 0.90673235],
       [0.49900998, 0.87031762],
       [0.46213799, 0.73501083],
       [0.44026494, 0.90377096],
       [0.48273268, 0.74209493],
       [0.47382744, 0.72229123],
       [0.4470947 , 0.90250473],
       [0.43396432, 0.86288514],
       [0.49849386, 0.83758117],
       [0.42935414, 0.79754252],
       [0.50066148, 0.8343564 ],
       [0.52168499, 0.79572082],
       [0.58499722, 0.71736275],
       [0.49094316, 0.75167829],
       [0.49308582, 0.91077721],
       [0.56899322, 0.70505552],
       [0.50909022, 0.72570476],
       [0.58573225, 0.79654527],
       [0.39205549, 0.81939466],
       [0.45601453, 0.77624767],
       [0.5727857 , 0.89345715],
       [0.49954337, 0.85064917],
       [0.5279359 , 0.88350265],
       [0.46461209, 0.75566658],
       [0.48844039, 0.8283931 ],
       [0.58117285, 0.852928  ],
       [0.51577838, 0.83056848],
       [0.47025751, 0.72447604],
       [0.43199058, 0.70147675],
       [0.43561488, 0.79069789],
       [0.48724552, 0.8138358 ],
       [0.39747818, 0.75965219],
       [0.46126962, 0.75747055],
       [0.4751182 , 0.71591558],
       [0.42933978, 0.77969316],
       [0.42840054, 0.88111034],
       [0.42482434, 0.83672222],
       [0.40898572, 0.7242414 ],
       [0.56740039, 0.72338295],
       [0.58946894, 0.86209095],
       [0.56317597, 0.89768756],
       [0.43961888, 0.83217699],
       [0.41211059, 0.87455223],
       [0.49962573, 0.8404492 ],
       [0.48067433, 0.82456355],
       [0.55976132, 0.70122364],
       [0.55508432, 0.83699606],
       [0.42771185, 0.81663306],
       [0.43983917, 0.69637638],
       [0.41233873, 0.87686904],
       [0.51331116, 0.68764299],
       [0.49392842, 0.91113923],
       [0.46796561, 0.75257939],
       [0.46877487, 0.82962718],
       [0.59803229, 0.82227299],
       [0.45774912, 0.90408274],
       [0.53533278, 0.83046009],
       [0.5625416 , 0.88565594],
       [0.45860604, 0.75119306],
       [0.56529466, 0.77167423],
       [0.47600369, 0.91270695],
       [0.57745785, 0.76090862],
       [0.56568619, 0.73922904],
       [0.45734212, 0.71808858],
       [0.51302223, 0.82933642],
       [0.39778806, 0.79951394],
       [0.49209245, 0.80368373],
       [0.51281136, 0.91545826],
       [0.53790364, 0.72080267],
       [0.48350176, 0.73285709],
       [0.5998778 , 0.81183598],
       [0.56127145, 0.74555522],
       [0.49525025, 0.88076678],
       [0.56843364, 0.78841667],
       [0.51079351, 0.74126226],
       [0.4873395 , 0.8713093 ],
       [0.48221283, 0.7867255 ],
       [0.53091065, 0.81399066],
       [0.48375261, 0.8004028 ],
       [0.4159885 , 0.79512808],
       [0.46567135, 0.7941231 ],
       [0.51581595, 0.7640375 ],
       [0.41007434, 0.81834651],
       [0.57159849, 0.79727483],
       [0.42430814, 0.85387655],
       [0.43028489, 0.76477788],
       [0.59092021, 0.81940409],
       [0.49094816, 0.74795765],
       [0.54322093, 0.87994502],
       [0.42802176, 0.8891939 ],
       [0.60428844, 0.81422518],
       [0.41740746, 0.73569013],
       [0.55184131, 0.70250573],
       [0.55279138, 0.82225729],
       [0.38876612, 0.77802564],
       [0.60880587, 0.75009994],
       [0.41236108, 0.87992669],
       [0.47120277, 0.68906393],
       [0.56100557, 0.70218262],
       [0.52608965, 0.91475253],
       [0.53329499, 0.81872641],
       [0.58991624, 0.87464624],
       [0.59061996, 0.7795741 ],
       [0.47144802, 0.90963374],
       [0.51364359, 0.81132676],
       [0.55520763, 0.69515282],
       [0.47411877, 0.79475717],
       [0.78559432, 0.76630108],
       [0.85255657, 0.86116954],
       [0.72076436, 0.86137171],
       [0.80118776, 0.72307793],
       [0.85940353, 0.79845759],
       [0.82541223, 0.85199936],
       [0.87423115, 0.80593793],
       [0.75311144, 0.86331279],
       [0.70514889, 0.77653994],
       [0.75289894, 0.90916604],
       [0.75045367, 0.83825367],
       [0.90249517, 0.84773498],
       [0.73700386, 0.81817008],
       [0.89566283, 0.78665693],
       [0.76852772, 0.86400171],
       [0.8297813 , 0.76833734],
       [0.78971132, 0.87351785],
       [0.84729905, 0.7547633 ],
       [0.76053067, 0.7607905 ],
       [0.89175086, 0.82032327],
       [0.90995118, 0.79916493],
       [0.75014624, 0.88126693],
       [0.79368986, 0.74648725],
       [0.73886785, 0.84083959],
       [0.79421831, 0.83233808],
       [0.79529764, 0.84550639],
       [0.83573737, 0.77948994],
       [0.85768358, 0.78429815],
       [0.74873081, 0.88502197],
       [0.75680057, 0.75138842],
       [0.78875489, 0.77211816],
       [0.69515049, 0.80197714],
       [0.83547187, 0.71260259],
       [0.80101724, 0.8456587 ],
       [0.83006092, 0.78328725],
       [0.76280268, 0.85150315],
       [0.74762618, 0.70704578],
       [0.74007135, 0.83492794],
       [0.78498701, 0.79194464],
       [0.86821989, 0.85246579],
       [0.70913302, 0.83173395],
       [0.81555688, 0.83789653],
       [0.79024168, 0.83014566],
       [0.73816904, 0.79603749],
       [0.77493302, 0.69137347],
       [0.84738745, 0.70788298],
       [0.8709188 , 0.76482312],
       [0.848512  , 0.72503001],
       [0.70737883, 0.76535646],
       [0.77471923, 0.90470242],
       [0.83180443, 0.80356996],
       [0.81925458, 0.7505531 ],
       [0.74815502, 0.81891196],
       [0.70370725, 0.79493479],
       [0.82465055, 0.87430533],
       [0.84649676, 0.70081516],
       [0.70687617, 0.73375401],
       [0.80653651, 0.76134408],
       [0.89188895, 0.75307606],
       [0.77991506, 0.78775103],
       [0.7226177 , 0.76172197],
       [0.76005737, 0.87913163],
       [0.80516757, 0.78170614],
       [0.80789045, 0.79330648],
       [0.90484017, 0.78888404],
       [0.7631991 , 0.88073159],
       [0.75220306, 0.78016546],
       [0.88490568, 0.73102214],
       [0.78622767, 0.77590817],
       [0.80002554, 0.75212704],
       [0.88659353, 0.76281655],
       [0.82503559, 0.91466437],
       [0.7631071 , 0.69943864],
       [0.69952238, 0.84458417],
       [0.83872587, 0.70248805],
       [0.89567188, 0.85090897],
       [0.7578503 , 0.89808805],
       [0.88759772, 0.84827719],
       [0.91585111, 0.79799952],
       [0.90487332, 0.77594547],
       [0.89619925, 0.77233555],
       [0.78877094, 0.91694516],
       [0.78501024, 0.86553759],
       [0.90889086, 0.76971338],
       [0.82269871, 0.71250551],
       [0.79412703, 0.79311588],
       [0.89447183, 0.77173074],
       [0.68671572, 0.82836903],
       [0.77210471, 0.85886182],
       [0.71559992, 0.77968374],
       [0.84747236, 0.74839034],
       [0.77547933, 0.76116659],
       [0.76699958, 0.85775134],
       [0.89814897, 0.85463589],
       [0.82900482, 0.82322394],
       [0.73576495, 0.76110321],
       [0.74457112, 0.90019062],
       [0.89423226, 0.8147566 ],
       [0.85165812, 0.80904174],
       [0.86926349, 0.80179338],
       [0.79195063, 0.83724397],
       [0.77393971, 0.91180158],
       [0.76661526, 0.77910619],
       [0.76096152, 0.79826461],
       [0.76557801, 0.8230767 ],
       [0.71380954, 0.79553922],
       [0.84200635, 0.84576875],
       [0.85934118, 0.80103191],
       [0.77701405, 0.78103877],
       [0.71131633, 0.71938537],
       [0.75919604, 0.8737708 ],
       [0.75449628, 0.69813257],
       [0.74000499, 0.77980906],
       [0.71389705, 0.720321  ],
       [0.83121504, 0.77181038],
       [0.89077289, 0.81113634],
       [0.77326088, 0.78214277],
       [0.87761571, 0.86580836],
       [0.80747674, 0.71710841],
       [0.75470358, 0.74682478],
       [0.80460857, 0.73633397],
       [0.68903979, 0.75726671],
       [0.75099823, 0.69815764],
       [0.77282394, 0.74081137],
       [0.77997623, 0.8640761 ],
       [0.89890035, 0.74732602],
       [0.8630816 , 0.69792792],
       [0.86988496, 0.80262643],
       [0.83355764, 0.77746141],
       [0.84405542, 0.84521946],
       [0.87227421, 0.88303439],
       [0.77926805, 0.71309464],
       [0.88541611, 0.72374352],
       [0.84638429, 0.8416635 ],
       [0.85784993, 0.79187517],
       [0.81578566, 0.6849756 ],
       [0.76628705, 0.7916633 ],
       [0.73720345, 0.80379031],
       [0.71987211, 0.77217132],
       [0.73754579, 0.83015068],
       [0.75581323, 0.80672433],
       [0.8651601 , 0.71724658],
       [0.80448401, 0.77374803],
       [0.88697874, 0.83220878],
       [0.89561953, 0.72842647],
       [0.83084962, 0.81855654],
       [0.87037512, 0.74720276],
       [0.83127925, 0.89606966],
       [0.70070743, 0.86460531],
       [0.87765734, 0.74806965],
       [0.8107062 , 0.81948008],
       [0.83633688, 0.89650786],
       [0.85986201, 0.85576818],
       [0.74872365, 0.83959299],
       [0.8944482 , 0.81299638],
       [0.76682739, 0.77458829],
       [0.84742486, 0.89222133],
       [0.77928727, 0.72190716],
       [0.86213419, 0.89994941],
       [0.76395862, 0.72691831],
       [0.89477958, 0.82103295],
       [0.84603315, 0.89285198],
       [0.82929525, 0.74641776],
       [0.71776287, 0.87859655],
       [0.84294065, 0.72500513],
       [0.79097969, 0.91324687]]), array([0, 0, 0, 0, 0, 0, 0, 0, 0, 0, 0, 0, 0, 0, 0, 0, 0, 0, 0, 0, 0, 0,
       0, 0, 0, 0, 0, 0, 0, 0, 0, 0, 0, 0, 0, 0, 0, 0, 0, 0, 0, 0, 0, 0,
       0, 0, 0, 0, 0, 0, 0, 0, 0, 0, 0, 0, 0, 0, 0, 0, 0, 0, 0, 0, 0, 0,
       0, 0, 0, 0, 0, 0, 0, 0, 0, 0, 0, 0, 0, 0, 0, 0, 0, 0, 0, 0, 0, 0,
       0, 0, 0, 0, 0, 0, 0, 0, 0, 0, 0, 0, 0, 0, 0, 0, 0, 0, 0, 0, 0, 0,
       0, 0, 0, 0, 0, 0, 0, 0, 0, 0, 0, 0, 0, 0, 0, 0, 0, 0, 0, 0, 0, 0,
       0, 0, 0, 0, 0, 0, 0, 0, 0, 0, 0, 0, 0, 0, 0, 0, 0, 0, 0, 0, 0, 0,
       0, 0, 0, 0, 0, 0, 0, 0, 0, 0, 0, 0, 1, 1, 1, 1, 1, 1, 1, 1, 1, 1,
       1, 1, 1, 1, 1, 1, 1, 1, 1, 1, 1, 1, 1, 1, 1, 1, 1, 1, 1, 1, 1, 1,
       1, 1, 1, 1, 1, 1, 1, 1, 1, 1, 1, 1, 1, 1, 1, 1, 1, 1, 1, 1, 1, 1,
       1, 1, 1, 1, 1, 1, 1, 1, 1, 1, 1, 1, 1, 1, 1, 1, 1, 1, 1, 1, 1, 1,
       1, 1, 1, 1, 1, 1, 1, 1, 1, 1, 1, 1, 1, 1, 1, 1, 1, 1, 1, 1, 1, 1,
       1, 1, 1, 1, 1, 1, 1, 1, 1, 1, 1, 1, 1, 1, 1, 1, 1, 1, 1, 1, 1, 1,
       1, 1, 1, 1, 1, 1, 1, 1, 1, 1, 1, 1, 1, 1, 1, 1, 1, 1, 1, 1, 1, 1,
       1, 1, 1, 1, 1, 1, 1, 1, 1, 1, 1, 1, 1, 1, 1, 1, 1, 1, 1, 1, 1, 1,
       1, 1, 0, 0, 0, 0, 0, 0, 0, 0, 0, 0, 0, 0, 0, 0, 0, 0, 0, 0, 0, 0,
       0, 0, 0, 0, 0, 0, 0, 0, 0, 0, 0, 0, 0, 0, 0, 0, 0, 0, 0, 0, 0, 0,
       0, 0, 0, 0, 0, 0, 0, 0, 0, 0, 0, 0, 0, 0, 0, 0, 0, 0, 0, 0, 0, 0,
       0, 0, 0, 0, 0, 0, 0, 0, 0, 0, 0, 0, 0, 0, 0, 0, 0, 0, 0, 0, 0, 0,
       0, 0, 0, 0, 0, 0, 0, 0, 0, 0, 0, 0, 0, 0, 0, 0, 0, 0, 0, 0, 0, 0,
       0, 0, 0, 0, 0, 0, 0, 0, 0, 0, 0, 0, 0, 0, 0, 0, 0, 0, 0, 0, 0, 0,
       0, 0, 0, 0, 0, 0, 0, 0, 0, 0, 0, 0, 0, 0, 0, 0, 0, 0, 0, 0, 0, 0,
       0, 0, 0, 0, 0, 0, 0, 0, 0, 0, 0, 0, 0, 0, 1, 1, 1, 1, 1, 1, 1, 1,
       1, 1, 1, 1, 1, 1, 1, 1, 1, 1, 1, 1, 1, 1, 1, 1, 1, 1, 1, 1, 1, 1,
       1, 1, 1, 1, 1, 1, 1, 1, 1, 1, 1, 1, 1, 1, 1, 1, 1, 1, 1, 1, 1, 1,
       1, 1, 1, 1, 1, 1, 1, 1, 1, 1, 1, 1, 1, 1, 1, 1, 1, 1, 1, 1, 1, 1,
       1, 1, 1, 1, 1, 1, 1, 1, 1, 1, 1, 1, 1, 1, 1, 1, 1, 1, 1, 1, 1, 1,
       1, 1, 1, 1, 1, 1, 1, 1, 1, 1, 1, 1, 1, 1, 1, 1, 1, 1, 1, 1, 1, 1,
       1, 1, 1, 1, 1, 1, 1, 1, 1, 1, 1, 1, 1, 1, 1, 1, 1, 1, 1, 1, 1, 1,
       1, 1, 1, 1, 1, 1, 1, 1, 1, 1, 1, 1, 1, 1, 1, 1, 1, 1, 1, 1, 1, 1,
       1, 1, 1, 1, 0, 0, 0, 0, 0, 0, 0, 0, 0, 0, 0, 0, 0, 0, 0, 0, 0, 0,
       0, 0, 0, 0, 0, 0, 0, 0, 0, 0, 0, 0, 0, 0, 0, 0, 0, 0, 0, 0, 0, 0,
       0, 0, 0, 0, 0, 0, 0, 0, 0, 0, 0, 0, 0, 0, 0, 0, 0, 0, 0, 0, 0, 0,
       0, 0, 0, 0, 0, 0, 0, 0, 0, 0, 0, 0, 0, 0, 0, 0, 0, 0, 0, 0, 0, 0,
       0, 0, 0, 0, 0, 0, 0, 0, 0, 0, 0, 0, 0, 0, 0, 0, 0, 0, 0, 0, 0, 0,
       0, 0, 0, 0, 0, 0, 0, 0, 0, 0, 0, 0, 0, 0, 0, 0, 0, 0, 0, 0, 0, 0,
       0, 0, 0, 0, 0, 0, 0, 0, 0, 0, 0, 0, 0, 0, 0, 0, 0, 0, 0, 0, 0, 0,
       0, 0, 0, 0, 0, 0, 0, 0, 0, 0, 0, 0, 0, 0, 0, 0, 1, 1, 1, 1, 1, 1,
       1, 1, 1, 1, 1, 1, 1, 1, 1, 1, 1, 1, 1, 1, 1, 1, 1, 1, 1, 1, 1, 1,
       1, 1, 1, 1, 1, 1, 1, 1, 1, 1, 1, 1, 1, 1, 1, 1, 1, 1, 1, 1, 1, 1,
       1, 1, 1, 1, 1, 1, 1, 1, 1, 1, 1, 1, 1, 1, 1, 1, 1, 1, 1, 1, 1, 1,
       1, 1, 1, 1, 1, 1, 1, 1, 1, 1, 1, 1, 1, 1, 1, 1, 1, 1, 1, 1, 1, 1,
       1, 1, 1, 1, 1, 1, 1, 1, 1, 1, 1, 1, 1, 1, 1, 1, 1, 1, 1, 1, 1, 1,
       1, 1, 1, 1, 1, 1, 1, 1, 1, 1, 1, 1, 1, 1, 1, 1, 1, 1, 1, 1, 1, 1,
       1, 1, 1, 1, 1, 1, 1, 1, 1, 1, 1, 1, 1, 1, 1, 1, 1, 1, 1, 1, 1, 1,
       1, 1, 1, 1, 1, 1, 0, 0, 0, 0, 0, 0, 0, 0, 0, 0, 0, 0, 0, 0, 0, 0,
       0, 0, 0, 0, 0, 0, 0, 0, 0, 0, 0, 0, 0, 0, 0, 0, 0, 0, 0, 0, 0, 0,
       0, 0, 0, 0, 0, 0, 0, 0, 0, 0, 0, 0, 0, 0, 0, 0, 0, 0, 0, 0, 0, 0,
       0, 0, 0, 0, 0, 0, 0, 0, 0, 0, 0, 0, 0, 0, 0, 0, 0, 0, 0, 0, 0, 0,
       0, 0, 0, 0, 0, 0, 0, 0, 0, 0, 0, 0, 0, 0, 0, 0, 0, 0, 0, 0, 0, 0,
       0, 0, 0, 0, 0, 0, 0, 0, 0, 0, 0, 0, 0, 0, 0, 0, 0, 0, 0, 0, 0, 0,
       0, 0, 0, 0, 0, 0, 0, 0, 0, 0, 0, 0, 0, 0, 0, 0, 0, 0, 0, 0, 0, 0,
       0, 0, 0, 0, 0, 0, 0, 0, 0, 0, 0, 0, 0, 0, 0, 0, 0, 0, 1, 1, 1, 1,
       1, 1, 1, 1, 1, 1, 1, 1, 1, 1, 1, 1, 1, 1, 1, 1, 1, 1, 1, 1, 1, 1,
       1, 1, 1, 1, 1, 1, 1, 1, 1, 1, 1, 1, 1, 1, 1, 1, 1, 1, 1, 1, 1, 1,
       1, 1, 1, 1, 1, 1, 1, 1, 1, 1, 1, 1, 1, 1, 1, 1, 1, 1, 1, 1, 1, 1,
       1, 1, 1, 1, 1, 1, 1, 1, 1, 1, 1, 1, 1, 1, 1, 1, 1, 1, 1, 1, 1, 1,
       1, 1, 1, 1, 1, 1, 1, 1, 1, 1, 1, 1, 1, 1, 1, 1, 1, 1, 1, 1, 1, 1,
       1, 1, 1, 1, 1, 1, 1, 1, 1, 1, 1, 1, 1, 1, 1, 1, 1, 1, 1, 1, 1, 1,
       1, 1, 1, 1, 1, 1, 1, 1, 1, 1, 1, 1, 1, 1, 1, 1, 1, 1, 1, 1, 1, 1,
       1, 1, 1, 1, 1, 1, 1, 1, 0, 0, 0, 0, 0, 0, 0, 0, 0, 0, 0, 0, 0, 0,
       0, 0, 0, 0, 0, 0, 0, 0, 0, 0, 0, 0, 0, 0, 0, 0, 0, 0, 0, 0, 0, 0,
       0, 0, 0, 0, 0, 0, 0, 0, 0, 0, 0, 0, 0, 0, 0, 0, 0, 0, 0, 0, 0, 0,
       0, 0, 0, 0, 0, 0, 0, 0, 0, 0, 0, 0, 0, 0, 0, 0, 0, 0, 0, 0, 0, 0,
       0, 0, 0, 0, 0, 0, 0, 0, 0, 0, 0, 0, 0, 0, 0, 0, 0, 0, 0, 0, 0, 0,
       0, 0, 0, 0, 0, 0, 0, 0, 0, 0, 0, 0, 0, 0, 0, 0, 0, 0, 0, 0, 0, 0,
       0, 0, 0, 0, 0, 0, 0, 0, 0, 0, 0, 0, 0, 0, 0, 0, 0, 0, 0, 0, 0, 0,
       0, 0, 0, 0, 0, 0, 0, 0, 0, 0, 0, 0, 0, 0, 0, 0, 0, 0, 0, 0]), Counter({0: 830, 1: 664}))