(array([[0.25524983, 0.78482706],
       [0.27533983, 0.44299905],
       [0.29476354, 0.68311525],
       [0.20077672, 0.30417391],
       [0.05862836, 0.59520246],
       [0.54891295, 0.48139905],
       [0.41054738, 0.58685063],
       [0.35457135, 0.36598358],
       [0.46812484, 0.34648161],
       [0.16071121, 0.17460861],
       [0.46662838, 0.6206413 ],
       [0.31305133, 0.44233245],
       [0.31673579, 0.17320016],
       [0.21347619, 0.23290584],
       [0.4580083 , 0.30434444],
       [0.21647822, 0.50466161],
       [0.36646808, 0.30465171],
       [0.29701352, 0.87457908],
       [0.30301619, 0.61327624],
       [0.31725595, 0.27734306],
       [0.29989907, 0.24396062],
       [0.16437489, 0.46738596],
       [0.23405744, 0.36329948],
       [0.41644081, 0.28231419],
       [0.05845075, 0.45113088],
       [0.36030666, 0.45986962],
       [0.060165  , 0.56262347],
       [0.45880192, 0.3853445 ],
       [0.2955715 , 0.70133751],
       [0.20533932, 0.20285106],
       [0.39748236, 0.20769481],
       [0.14309963, 0.63771574],
       [0.32710821, 0.68493214],
       [0.16173252, 0.60116676],
       [0.14329544, 0.26446027],
       [0.16963756, 0.69547873],
       [0.15395008, 0.71322572],
       [0.16186818, 0.21942404],
       [0.15431213, 0.73836746],
       [0.26766929, 0.21682576],
       [0.05946073, 0.42965829],
       [0.24727737, 0.289739  ],
       [0.25618246, 0.61920998],
       [0.25725724, 0.47644162],
       [0.20206883, 0.62673486],
       [0.15370439, 0.23314005],
       [0.25500708, 0.52707421],
       [0.30908727, 0.47064532],
       [0.40390858, 0.27240879],
       [0.35699203, 0.31553275],
       [0.36260285, 0.38981143],
       [0.43982264, 0.61091408],
       [0.42397034, 0.17277467],
       [0.20276342, 0.41768846],
       [0.40765846, 0.71570651],
       [0.46065571, 0.4555579 ],
       [0.3085753 , 0.25358388],
       [0.32635883, 0.15378411],
       [0.4599006 , 0.31971067],
       [0.15507829, 0.53133748],
       [0.43473991, 0.65852003],
       [0.31357494, 0.22110579],
       [0.38346674, 0.77207839],
       [0.17745574, 0.5196927 ],
       [0.32479534, 0.62385617],
       [0.46855677, 0.713412  ],
       [0.34588229, 0.61362453],
       [0.47826922, 0.53844229],
       [0.11058213, 0.36582064],
       [0.33439927, 0.15582059],
       [0.08861846, 0.46274166],
       [0.18734765, 0.37286369],
       [0.31304752, 0.65332967],
       [0.12900392, 0.30728688],
       [0.21315367, 0.55200556],
       [0.33315615, 0.80487027],
       [0.42510761, 0.75256273],
       [0.21268405, 0.58260873],
       [0.27422607, 0.28939118],
       [0.26043924, 0.74960788],
       [0.41438861, 0.18779215],
       [0.45994643, 0.74107839],
       [0.40638633, 0.62059217],
       [0.08985669, 0.57786416],
       [0.37012739, 0.45227509],
       [0.36607345, 0.53065341],
       [0.07314445, 0.61082435],
       [0.10359262, 0.30491145],
       [0.20827909, 0.51753481],
       [0.51682523, 0.53833685],
       [0.16982703, 0.78456288],
       [0.22254333, 0.75847236],
       [0.07918082, 0.53644398],
       [0.45506135, 0.60354103],
       [0.39878683, 0.80250433],
       [0.49420012, 0.50980257],
       [0.24275868, 0.4056644 ],
       [0.19043786, 0.3791337 ],
       [0.17337866, 0.76383643],
       [0.15965241, 0.68693808],
       [0.32929114, 0.43076265],
       [0.42291822, 0.28500344],
       [0.16351852, 0.26622699],
       [0.23954243, 0.40813804],
       [0.27262966, 0.7589765 ],
       [0.33607966, 0.62133238],
       [0.26468698, 0.41041815],
       [0.41317801, 0.68755239],
       [0.43436879, 0.28920604],
       [0.51246256, 0.68112064],
       [0.15177031, 0.29238093],
       [0.17926376, 0.69846095],
       [0.20590268, 0.72820056],
       [0.36585373, 0.72730694],
       [0.42639787, 0.23531957],
       [0.12738648, 0.7806487 ],
       [0.29732047, 0.693273  ],
       [0.2823861 , 0.44961039],
       [0.20503569, 0.49898198],
       [0.23122034, 0.14474598],
       [0.3209964 , 0.18433757],
       [0.38805109, 0.22121541],
       [0.32933073, 0.80908771],
       [0.36127534, 0.45952028],
       [0.21763531, 0.47301763],
       [0.42364183, 0.18210108],
       [0.50791074, 0.60163058],
       [0.25594338, 0.49043259],
       [0.31339873, 0.62407511],
       [0.33789849, 0.30724146],
       [0.36712568, 0.15554578],
       [0.46632203, 0.23536477],
       [0.40669395, 0.49800487],
       [0.26057162, 0.27306436],
       [0.32996345, 0.85194821],
       [0.12488148, 0.23862425],
       [0.15796093, 0.7432644 ],
       [0.36846008, 0.82433369],
       [0.26149359, 0.27754756],
       [0.08793001, 0.34569382],
       [0.47057715, 0.6298954 ],
       [0.34772646, 0.76570008],
       [0.1909608 , 0.62921191],
       [0.22163767, 0.75302452],
       [0.45569872, 0.72793549],
       [0.28753022, 0.42385234],
       [0.47100508, 0.4678619 ],
       [0.1252799 , 0.35924682],
       [0.45247669, 0.67960207],
       [0.12615253, 0.65488038],
       [0.34322809, 0.63151446],
       [0.29560105, 0.5236452 ],
       [0.14703766, 0.44839725],
       [0.51385785, 0.6410876 ],
       [0.39135501, 0.53421914],
       [0.13500236, 0.58014111],
       [0.28592458, 0.54911096],
       [0.36316564, 0.67495086],
       [0.44231961, 0.62632756],
       [0.29049736, 0.65924091],
       [0.16983553, 0.56871364],
       [0.22431604, 0.29196013],
       [0.18153562, 0.61308446],
       [0.38652123, 0.46759891],
       [0.4736361 , 0.73964061],
       [0.16196781, 0.22150901],
       [0.500307  , 0.31269445],
       [0.34583517, 0.1498539 ],
       [0.16375784, 0.65799361],
       [0.18573656, 0.26229952],
       [0.45697679, 0.45424122],
       [0.16156584, 0.66992968],
       [0.08021053, 0.50219453],
       [0.20203916, 0.70440546],
       [0.33227465, 0.83893734],
       [0.21387574, 0.82092561],
       [0.36771328, 0.58598611],
       [0.22988832, 0.27703721],
       [0.52882121, 0.53492401],
       [0.07459536, 0.37939321],
       [0.23805943, 0.54327973],
       [0.40034782, 0.44072663],
       [0.4138392 , 0.676958  ],
       [0.26484849, 0.57614052],
       [0.19751236, 0.5053936 ],
       [0.20585958, 0.25098005],
       [0.17541264, 0.67145007],
       [0.1305182 , 0.54333976],
       [0.34583916, 0.59121696],
       [0.29354301, 0.38357301],
       [0.48927125, 0.65804928],
       [0.40792711, 0.43132761],
       [0.51344449, 0.52118549],
       [0.44297099, 0.36717892],
       [0.19931528, 0.79903632],
       [0.17679545, 0.19376091],
       [0.40529634, 0.14659103],
       [0.22793775, 0.49645536],
       [0.41911351, 0.21493321],
       [0.35148185, 0.15625586],
       [0.18878593, 0.56551995],
       [0.40775006, 0.41975478],
       [0.11774584, 0.77053955],
       [0.28659847, 0.73739312],
       [0.37979322, 0.54837459],
       [0.37322021, 0.46189106],
       [0.26651506, 0.83083783],
       [0.52865306, 0.64359054],
       [0.51964469, 0.64645103],
       [0.43720894, 0.53498828],
       [0.22057382, 0.26680304],
       [0.12625586, 0.25535087],
       [0.2569781 , 0.5096178 ],
       [0.16036226, 0.18508667],
       [0.38780506, 0.48017062],
       [0.31767606, 0.49221404],
       [0.25308517, 0.81435963],
       [0.28993061, 0.16792978],
       [0.51415138, 0.37659925],
       [0.46180228, 0.30872429],
       [0.36778822, 0.64442626],
       [0.34513723, 0.19498912],
       [0.1512851 , 0.7665872 ],
       [0.1276698 , 0.22986116],
       [0.36047298, 0.40495559],
       [0.11836515, 0.58784529],
       [0.43870322, 0.76655717],
       [0.23965512, 0.73476001],
       [0.53670941, 0.41633573],
       [0.25310495, 0.22968743],
       [0.25649998, 0.73630817],
       [0.2043302 , 0.77043496],
       [0.24864961, 0.12481717],
       [0.41966079, 0.18930851],
       [0.53204624, 0.51215627],
       [0.23531031, 0.71989443],
       [0.25633112, 0.39462738],
       [0.40409736, 0.22995447],
       [0.39574493, 0.35799715],
       [0.41546254, 0.28127487],
       [0.37900904, 0.1259897 ],
       [0.38755269, 0.82900674],
       [0.20068824, 0.22482565],
       [0.1879561 , 0.14463714],
       [0.37456825, 0.20730792],
       [0.44367458, 0.44482882],
       [0.37275409, 0.50123732],
       [0.23645463, 0.25091435],
       [0.41139139, 0.43306491],
       [0.33430982, 0.48470068],
       [0.10538941, 0.55639244],
       [0.16879547, 0.26930119],
       [0.26264144, 0.5014734 ],
       [0.07932417, 0.38726669],
       [0.35251994, 0.63008849],
       [0.12338471, 0.42918572],
       [0.30050714, 0.29167055],
       [0.45895549, 0.54984282],
       [0.15743632, 0.57347576],
       [0.34489902, 0.69955536],
       [0.39637385, 0.63849222],
       [0.30133491, 0.11636178],
       [0.08360399, 0.6348269 ],
       [0.48514679, 0.29572824],
       [0.47134906, 0.66053616],
       [0.43208204, 0.71496805],
       [0.38816589, 0.59210834],
       [0.37308018, 0.36451105],
       [0.40572892, 0.44564254],
       [0.2656093 , 0.46121465],
       [0.41709014, 0.49388035],
       [0.2521467 , 0.40507459],
       [0.19526865, 0.64192456],
       [0.14355889, 0.23942857],
       [0.08062502, 0.51221099],
       [0.31598836, 0.23210051],
       [0.51634554, 0.58050032],
       [0.24898576, 0.62466448],
       [0.40516838, 0.61503733],
       [0.34181472, 0.66320183],
       [0.30599947, 0.37734452],
       [0.38149785, 0.86557974],
       [0.46906903, 0.25966995],
       [0.43413837, 0.75389879],
       [0.33638823, 0.13144794],
       [0.45657799, 0.53136454],
       [0.22481238, 0.2373079 ],
       [0.32671495, 0.24546209],
       [0.47424897, 0.68588919],
       [0.48143201, 0.3473059 ],
       [0.31216887, 0.27946672],
       [0.26187545, 0.23348462],
       [0.48365836, 0.74389234],
       [0.2082979 , 0.13223999],
       [0.24827707, 0.49185424],
       [0.09751214, 0.324826  ],
       [0.14020005, 0.2537466 ],
       [0.36986802, 0.38037718],
       [0.30713991, 0.15880802],
       [0.24687971, 0.6302967 ],
       [0.24572732, 0.19036865],
       [0.17170157, 0.82661966],
       [0.2545168 , 0.57291259],
       [0.35930507, 0.33409065],
       [0.12421886, 0.33683987],
       [0.35358694, 0.82073672],
       [0.08128304, 0.56099075],
       [0.14544959, 0.1960668 ],
       [0.48416145, 0.55279555],
       [0.29331106, 0.51727136],
       [0.43685549, 0.66996305],
       [0.25001352, 0.71109678],
       [0.23980045, 0.33617653],
       [0.43339896, 0.36259759],
       [0.12954202, 0.71151318],
       [0.18456078, 0.59747213],
       [0.29680466, 0.17309153],
       [0.46321389, 0.24507918],
       [0.24970755, 0.84860787],
       [0.14256638, 0.38762355],
       [0.09552834, 0.49537886],
       [0.25735185, 0.41506035],
       [0.34233143, 0.68975743],
       [0.26944378, 0.50111288],
       [0.26432085, 0.62489151],
       [0.54851808, 0.51718426],
       [0.30516769, 0.56905578],
       [0.10815222, 0.46410381],
       [0.08407287, 0.6845417 ],
       [0.36568081, 0.76561054],
       [0.17936481, 0.23352504],
       [0.3446956 , 0.30350453],
       [0.16158361, 0.67358523],
       [0.20128456, 0.73218978],
       [0.32036303, 0.79056948],
       [0.43828317, 0.51973973],
       [0.22540189, 0.43902481],
       [0.5236834 , 0.42687493],
       [0.23690988, 0.32107221],
       [0.32871075, 0.11685679],
       [0.21713071, 0.31490314],
       [0.16915295, 0.80967905],
       [0.46638219, 0.70805159],
       [0.40600721, 0.43996892],
       [0.42468078, 0.73949348],
       [0.30760375, 0.55534599],
       [0.25482317, 0.77667045],
       [0.49706686, 0.59874105],
       [0.24910359, 0.5191502 ],
       [0.44382428, 0.57930926],
       [0.35820115, 0.62879256],
       [0.42015023, 0.43641665],
       [0.06289004, 0.42684777],
       [0.19093775, 0.51931001],
       [0.49177589, 0.53324235],
       [0.20292134, 0.82993635],
       [0.39664652, 0.65479589],
       [0.35331178, 0.80118737],
       [0.11381676, 0.31538474],
       [0.12470243, 0.35915259],
       [0.3447578 , 0.57622924],
       [0.23262255, 0.87031484],
       [0.31587564, 0.76507199],
       [0.29264932, 0.71264469],
       [0.12592902, 0.76808425],
       [0.45165275, 0.62036919],
       [0.41278716, 0.68164366],
       [0.14777236, 0.6352179 ],
       [0.27528992, 0.35835579],
       [0.47900249, 0.66065406],
       [0.23398811, 0.71977254],
       [0.44155432, 0.34070955],
       [0.21436652, 0.81117499],
       [0.1163087 , 0.33758648],
       [0.53565267, 0.39178006],
       [0.13075494, 0.69732959],
       [0.4685009 , 0.49979262],
       [0.06712634, 0.61608221],
       [0.27848436, 0.41535098],
       [0.40727118, 0.72720791],
       [0.3290768 , 0.49589981],
       [0.2997801 , 0.42859054],
       [0.49775035, 0.284805  ],
       [0.4895064 , 0.58641659],
       [0.23136041, 0.66473927],
       [0.28544957, 0.14052292],
       [0.20544426, 0.30965668],
       [0.43151765, 0.7970814 ],
       [0.26313472, 0.71820457],
       [0.37226055, 0.60221032],
       [0.14556236, 0.47361331],
       [0.32494529, 0.33234038],
       [0.07652866, 0.59512786],
       [0.15875282, 0.46430098],
       [0.22059011, 0.68740141],
       [0.38315388, 0.60256256],
       [0.12836423, 0.75515188],
       [0.39636073, 0.56410921],
       [0.34790845, 0.13482189],
       [0.4920229 , 0.56890428],
       [0.23042104, 0.47261962],
       [0.22117862, 0.14702516],
       [0.28304168, 0.72695069],
       [0.12048522, 0.51746338],
       [0.25450311, 0.396601  ],
       [0.35688105, 0.45524225],
       [0.3409659 , 0.78940973],
       [0.12519267, 0.36205558],
       [0.39203488, 0.4057106 ],
       [0.38054075, 0.80380929],
       [0.26249511, 0.20486329],
       [0.34537863, 0.50722091],
       [0.14715731, 0.80881306],
       [0.22997133, 0.46976737],
       [0.39631898, 0.49460971],
       [0.47796998, 0.75169415],
       [0.21726354, 0.39022379],
       [0.43665244, 0.20149666],
       [0.14354438, 0.21805313],
       [0.30189604, 0.35444549],
       [0.26726734, 0.38143104],
       [0.13211399, 0.7289218 ],
       [0.16139844, 0.46241293],
       [0.21426967, 0.79195914],
       [0.13015081, 0.63756957],
       [0.22412943, 0.32502576],
       [0.27258375, 0.37463993],
       [0.40929894, 0.16193087],
       [0.48495454, 0.66666786],
       [0.41128282, 0.5484681 ],
       [0.22254721, 0.71623301],
       [0.54325622, 0.56160233],
       [0.32961131, 0.63643632],
       [0.18998157, 0.45931702],
       [0.42761207, 0.49440164],
       [0.31717299, 0.16527685],
       [0.07254648, 0.47866221],
       [0.18226997, 0.38313629],
       [0.38171279, 0.73015951],
       [0.21657716, 0.16395933],
       [0.3089567 , 0.49459233],
       [0.14687761, 0.25419947],
       [0.53460183, 0.5334275 ],
       [0.48517651, 0.29772902],
       [0.07472861, 0.56131266],
       [0.23181157, 0.47256824],
       [0.42563544, 0.37527628],
       [0.05768595, 0.5856588 ],
       [0.50860702, 0.57833535],
       [0.37739771, 0.39131842],
       [0.38758391, 0.13448998],
       [0.34478469, 0.21717762],
       [0.21306701, 0.84290899],
       [0.1048771 , 0.52166476],
       [0.39071382, 0.62459595],
       [0.35122657, 0.6522367 ],
       [0.24226038, 0.25808976],
       [0.41290138, 0.64396697],
       [0.27624906, 0.15961312],
       [0.13957328, 0.57394962],
       [0.31733248, 0.25694274],
       [0.35799389, 0.62488912],
       [0.29148659, 0.70572646],
       [0.46200614, 0.65801317],
       [0.34725789, 0.19948116],
       [0.22730478, 0.79238272],
       [0.25063394, 0.62290413],
       [0.07789285, 0.38358044],
       [0.30243974, 0.5019973 ],
       [0.46239161, 0.79378995],
       [0.49713139, 0.58297671],
       [0.53637634, 0.50954753],
       [0.43717074, 0.25472422],
       [0.34001785, 0.36902692],
       [0.45740282, 0.76532884],
       [0.37875338, 0.77090677],
       [0.24899801, 0.54800943],
       [0.53932108, 0.61335509],
       [0.14157732, 0.75685771],
       [0.17826922, 0.39347819],
       [0.32501188, 0.40032001],
       [0.31880845, 0.25627672],
       [0.14783567, 0.51356807],
       [0.09933761, 0.26897004],
       [0.27553815, 0.34765565],
       [0.21637494, 0.6724627 ],
       [0.46300451, 0.3324353 ],
       [0.20262505, 0.69530208],
       [0.53166377, 0.50666934],
       [0.39476604, 0.15619507],
       [0.11213946, 0.65208431],
       [0.14970132, 0.23233015],
       [0.25130676, 0.61229829],
       [0.39286987, 0.57165428],
       [0.11365965, 0.49548827],
       [0.36005479, 0.51337168],
       [0.36549969, 0.71055404],
       [0.35840442, 0.73974987],
       [0.20571261, 0.29248284],
       [0.38074027, 0.73932951],
       [0.4938165 , 0.38608821],
       [0.27880203, 0.17935505],
       [0.36141125, 0.19505931],
       [0.46283773, 0.30249221],
       [0.21069334, 0.80342678],
       [0.06898441, 0.35776703],
       [0.27787242, 0.49647483],
       [0.09738947, 0.4745558 ],
       [0.35542484, 0.30243349],
       [0.39388009, 0.29173306],
       [0.30095024, 0.59574349],
       [0.25647483, 0.62635594],
       [0.25683355, 0.17198582],
       [0.24843819, 0.49494709],
       [0.529474  , 0.43339993],
       [0.25473974, 0.58540465],
       [0.09224404, 0.28389771],
       [0.20950218, 0.3497827 ],
       [0.48519702, 0.3932581 ],
       [0.42326097, 0.31504283],
       [0.47281475, 0.68719807],
       [0.2279459 , 0.72292622],
       [0.07144383, 0.52884503],
       [0.29314148, 0.50302867],
       [0.3040943 , 0.26858218],
       [0.11039341, 0.52073747],
       [0.52603962, 0.3811264 ],
       [0.42695276, 0.38035637],
       [0.39102776, 0.35814172],
       [0.19464747, 0.76435632],
       [0.15162154, 0.20444503],
       [0.40084006, 0.75950411],
       [0.37409496, 0.82241384],
       [0.24116441, 0.13912681],
       [0.50096205, 0.5513126 ],
       [0.27870429, 0.4993198 ],
       [0.39501453, 0.19939697],
       [0.5392052 , 0.40754493],
       [0.2159563 , 0.62117868],
       [0.51954022, 0.30950632],
       [0.41456574, 0.46227092],
       [0.1507776 , 0.7530174 ],
       [0.44827832, 0.52018859],
       [0.14953931, 0.22633541],
       [0.08290141, 0.55498528],
       [0.21022189, 0.65107375],
       [0.5036857 , 0.37174938],
       [0.20625353, 0.42600852],
       [0.42235162, 0.19919098],
       [0.30128005, 0.55371412],
       [0.29221172, 0.80731834],
       [0.19326415, 0.81947132],
       [0.21975816, 0.78881889],
       [0.27821187, 0.59020598],
       [0.27560323, 0.25328692],
       [0.2480002 , 0.61482823],
       [0.19169832, 0.67509546],
       [0.26757962, 0.57242527],
       [0.14218342, 0.24796017],
       [0.22746905, 0.29241671],
       [0.19725121, 0.20623066],
       [0.10105286, 0.64567967],
       [0.22792384, 0.76991799],
       [0.26781778, 0.56864306],
       [0.2905184 , 0.82691858],
       [0.50847968, 0.66496584],
       [0.47529158, 0.73546522],
       [0.11509611, 0.74317826],
       [0.10581232, 0.57811313],
       [0.14572789, 0.21413774],
       [0.28848241, 0.3826127 ],
       [0.45887778, 0.20657455],
       [0.09276543, 0.59287873],
       [0.38845541, 0.8148187 ],
       [0.46955568, 0.37494701],
       [0.11510867, 0.3579193 ],
       [0.10592692, 0.61781858],
       [0.14474292, 0.59828215],
       [0.24870064, 0.65207568],
       [0.25992577, 0.8844536 ],
       [0.16051144, 0.3849805 ],
       [0.26946411, 0.25517359],
       [0.16320409, 0.45679117],
       [0.49353978, 0.62493897],
       [0.15568183, 0.25855425],
       [0.20200351, 0.73375505],
       [0.19117656, 0.14824303],
       [0.28021125, 0.75802135],
       [0.4891623 , 0.54647111],
       [0.18183511, 0.28204801],
       [0.37788622, 0.63845695],
       [0.11038303, 0.5351766 ],
       [0.40436578, 0.7851501 ],
       [0.09095341, 0.34351508],
       [0.47594248, 0.22889421],
       [0.13133111, 0.68004244],
       [0.11829628, 0.31977719],
       [0.29333146, 0.50330987],
       [0.23913677, 0.83138692],
       [0.33272012, 0.25864278],
       [0.5153981 , 0.36267576],
       [0.2254549 , 0.35384592],
       [0.26680025, 0.60811418],
       [0.1048805 , 0.35701477],
       [0.15456472, 0.82418714],
       [0.09612905, 0.27599902],
       [0.36485904, 0.36568418],
       [0.2635413 , 0.67248702],
       [0.35546497, 0.21352418],
       [0.31389004, 0.19896308],
       [0.4062767 , 0.24802333],
       [0.39533225, 0.86586701],
       [0.21330644, 0.59513811],
       [0.42404033, 0.15920651],
       [0.27828496, 0.51424937],
       [0.37729064, 0.63587694],
       [0.36552759, 0.87886814],
       [0.31869258, 0.69489441],
       [0.19269318, 0.4076745 ],
       [0.29245647, 0.25629798],
       [0.10122898, 0.43144918],
       [0.19981919, 0.50351613],
       [0.42242687, 0.4868355 ],
       [0.22504343, 0.86001573],
       [0.37561732, 0.84731137],
       [0.23138039, 0.81861373],
       [0.51511689, 0.49277611],
       [0.51416769, 0.65496653],
       [0.26823362, 0.16779503],
       [0.23993596, 0.5551919 ],
       [0.2608404 , 0.86284282],
       [0.18424155, 0.15009445],
       [0.3297102 , 0.6843194 ],
       [0.40170221, 0.2761824 ],
       [0.23927308, 0.3087258 ],
       [0.29249361, 0.59266228],
       [0.227148  , 0.61731348],
       [0.24537131, 0.27245951],
       [0.22838259, 0.60670124],
       [0.33038138, 0.33879615],
       [0.4808441 , 0.40304885],
       [0.30307781, 0.74291583],
       [0.28209865, 0.3944958 ],
       [0.1778978 , 0.52980726],
       [0.13240668, 0.6185893 ],
       [0.42854205, 0.16317721],
       [0.25095727, 0.4726897 ],
       [0.51110828, 0.38021491],
       [0.18904588, 0.60247524],
       [0.26536247, 0.35996036],
       [0.31653369, 0.72383267],
       [0.31160214, 0.55255871],
       [0.12383908, 0.77480066],
       [0.32124498, 0.43309484],
       [0.50965043, 0.45801303],
       [0.47073993, 0.21816218],
       [0.28683932, 0.1447758 ],
       [0.13504174, 0.44795081],
       [0.26156545, 0.28634517],
       [0.18847086, 0.42804439],
       [0.19437438, 0.7278645 ],
       [0.45092791, 0.23241754],
       [0.12569464, 0.28215555],
       [0.18035158, 0.22602309],
       [0.39556782, 0.20172808],
       [0.44074592, 0.41654179],
       [0.17389655, 0.84522814],
       [0.30565166, 0.45693154],
       [0.17743636, 0.35671881],
       [0.41695454, 0.82202628],
       [0.40963251, 0.42020244],
       [0.48587733, 0.69913419],
       [0.26161103, 0.25881405],
       [0.51997864, 0.48872117],
       [0.47666718, 0.54442701],
       [0.34463613, 0.79999021],
       [0.26193801, 0.86242987],
       [0.16803217, 0.58229589],
       [0.10201002, 0.59123749],
       [0.31379453, 0.7087749 ],
       [0.18876828, 0.56664911],
       [0.52575773, 0.63345916],
       [0.33795515, 0.62439539],
       [0.26534433, 0.70864044],
       [0.43493431, 0.36734903],
       [0.24600562, 0.21645197],
       [0.21728892, 0.43218428],
       [0.3515704 , 0.33251865],
       [0.0904958 , 0.28556246],
       [0.17401853, 0.21096257],
       [0.42299276, 0.69327793],
       [0.25500752, 0.18518468],
       [0.17314292, 0.56781603],
       [0.18929326, 0.20482334],
       [0.28063292, 0.59945901],
       [0.24260686, 0.52418214],
       [0.21801464, 0.40029604],
       [0.36000627, 0.18075408],
       [0.28923768, 0.68671321],
       [0.19155913, 0.82311533],
       [0.42681053, 0.38680276],
       [0.34781486, 0.54085283],
       [0.25415877, 0.61407495],
       [0.31888547, 0.28953274],
       [0.26164056, 0.63009318],
       [0.07784521, 0.59245576],
       [0.46285319, 0.33016655],
       [0.20560686, 0.67062023],
       [0.52876995, 0.49302594],
       [0.36082507, 0.65677327],
       [0.12453707, 0.31234655],
       [0.36550896, 0.73844994],
       [0.10731818, 0.41893317],
       [0.27607338, 0.50200357],
       [0.297244  , 0.51526947],
       [0.38960477, 0.26187886],
       [0.28523437, 0.17647907],
       [0.15092932, 0.33821957],
       [0.47845336, 0.52238835],
       [0.36505173, 0.37107066],
       [0.33285064, 0.60385934],
       [0.21927537, 0.21961131],
       [0.4920977 , 0.55063521],
       [0.41802562, 0.29359749],
       [0.09684101, 0.31736768],
       [0.2367848 , 0.57353617],
       [0.24627546, 0.20786766],
       [0.21980972, 0.61090347],
       [0.32156437, 0.30603378],
       [0.38240948, 0.17041088],
       [0.11742987, 0.53041167],
       [0.40915466, 0.29114583],
       [0.17749894, 0.28385169],
       [0.28350496, 0.79545124],
       [0.28961094, 0.75734125],
       [0.25389468, 0.74798369],
       [0.40668345, 0.54250528],
       [0.39575504, 0.18782576],
       [0.27786368, 0.72448601],
       [0.27300536, 0.35051593],
       [0.19460938, 0.38650907],
       [0.32636421, 0.8386453 ],
       [0.07062459, 0.59103645],
       [0.19366789, 0.20003684],
       [0.3294421 , 0.51488312],
       [0.15362729, 0.75098192],
       [0.38822352, 0.74563929],
       [0.24084254, 0.27312914],
       [0.37369225, 0.66964762],
       [0.49682006, 0.57430982],
       [0.87507576, 0.33864147],
       [0.53474811, 0.48061397],
       [0.66310855, 0.62474096],
       [0.63080636, 0.27859012],
       [0.64747502, 0.55482139],
       [0.8996878 , 0.68185705],
       [0.56260958, 0.71535114],
       [0.67475169, 0.65081628],
       [0.70244917, 0.37842616],
       [0.89400046, 0.55421264],
       [0.52635499, 0.54238261],
       [0.78982963, 0.78761748],
       [0.55665792, 0.64640634],
       [0.7035709 , 0.31590515],
       [0.82814082, 0.26722257],
       [0.84078968, 0.34919179],
       [0.59029632, 0.70495086],
       [0.63559914, 0.79108127],
       [0.54473685, 0.31068403],
       [0.54089667, 0.46563716],
       [0.8886677 , 0.6782218 ],
       [0.88467792, 0.53381532],
       [0.53916488, 0.57815189],
       [0.89035277, 0.49431894],
       [0.50936867, 0.35556273],
       [0.63651056, 0.51941325],
       [0.76256783, 0.11736275],
       [0.69458876, 0.41665562],
       [0.6936414 , 0.38071534],
       [0.47961114, 0.37024003],
       [0.50917242, 0.60347157],
       [0.87468176, 0.78516841],
       [0.80425109, 0.16790778],
       [0.73816254, 0.38695827],
       [0.77454262, 0.2017784 ],
       [0.69824219, 0.31062528],
       [0.77008103, 0.53665841],
       [0.60022409, 0.71223802],
       [0.81035256, 0.38054237],
       [0.64047506, 0.41945707],
       [0.8510717 , 0.7173807 ],
       [0.63365461, 0.73055461],
       [0.62093911, 0.17010368],
       [0.87926891, 0.41668667],
       [0.72511492, 0.22957974],
       [0.73797247, 0.61961286],
       [0.92441655, 0.46640755],
       [0.5965677 , 0.39308789],
       [0.66902701, 0.65597794],
       [0.53833181, 0.5145108 ],
       [0.93440388, 0.44727773],
       [0.8479664 , 0.22106283],
       [0.82126416, 0.42335564],
       [0.79965351, 0.27925983],
       [0.63681326, 0.64302806],
       [0.77326503, 0.41297278],
       [0.82424298, 0.66066352],
       [0.66845736, 0.5678467 ],
       [0.61853306, 0.25454844],
       [0.61433099, 0.64765908],
       [0.60791693, 0.50742388],
       [0.55972654, 0.2770421 ],
       [0.74108412, 0.28459282],
       [0.5540971 , 0.22697033],
       [0.70981454, 0.16741568],
       [0.64594215, 0.31035987],
       [0.86771649, 0.65834854],
       [0.65197848, 0.34948898],
       [0.89037638, 0.28866576],
       [0.94044158, 0.49665419],
       [0.61128735, 0.85261722],
       [0.60308554, 0.50312498],
       [0.57622095, 0.64462955],
       [0.77781004, 0.60795213],
       [0.90990249, 0.36662347],
       [0.92841245, 0.6137148 ],
       [0.48717831, 0.56417274],
       [0.79074696, 0.64954312],
       [0.67063458, 0.66595206],
       [0.58283061, 0.59612349],
       [0.79749469, 0.28447702],
       [0.89662465, 0.69303705],
       [0.77101648, 0.58856216],
       [0.90969905, 0.32411892],
       [0.74005818, 0.7091853 ],
       [0.69510632, 0.31164562],
       [0.67137682, 0.79964006],
       [0.84590817, 0.49838612],
       [0.86029022, 0.51961423],
       [0.73451198, 0.56016353],
       [0.86433834, 0.60258648],
       [0.72177495, 0.75274544],
       [0.53218589, 0.28392367],
       [0.65773053, 0.27645525],
       [0.83576953, 0.28766136],
       [0.82619941, 0.5140586 ],
       [0.65402629, 0.40662019],
       [0.69981596, 0.15222804],
       [0.79684589, 0.1669326 ],
       [0.71876074, 0.83858874],
       [0.84741428, 0.27447857],
       [0.84791197, 0.47842502],
       [0.78392193, 0.43048953],
       [0.56844308, 0.23614019],
       [0.84686631, 0.23053136],
       [0.68518136, 0.45905241],
       [0.56586519, 0.66453358],
       [0.55733614, 0.19357489],
       [0.73545776, 0.71801902],
       [0.83249953, 0.65221588],
       [0.68640133, 0.69499839],
       [0.79765564, 0.61927264],
       [0.71589975, 0.40675577],
       [0.87201237, 0.4116615 ],
       [0.61556822, 0.80295416],
       [0.82076644, 0.68662029],
       [0.76388004, 0.85877057],
       [0.90202663, 0.44382846],
       [0.71107877, 0.23861095],
       [0.90693631, 0.49166159],
       [0.48738973, 0.46298628],
       [0.63699481, 0.12323857],
       [0.59257324, 0.16701894],
       [0.62391658, 0.56220983],
       [0.60960864, 0.1516218 ],
       [0.75616383, 0.31166979],
       [0.49656368, 0.54639516],
       [0.87386472, 0.21452843],
       [0.74616464, 0.35222015],
       [0.8860704 , 0.36277925],
       [0.71744297, 0.84798313],
       [0.61240045, 0.8478123 ],
       [0.7871143 , 0.66322736],
       [0.62944158, 0.51113597],
       [0.61887124, 0.13219283],
       [0.64230238, 0.60608258],
       [0.74670343, 0.344538  ],
       [0.81591566, 0.78839065],
       [0.92247455, 0.51348076],
       [0.6721555 , 0.37740171],
       [0.63805165, 0.57137058],
       [0.77726233, 0.38693864],
       [0.45214182, 0.45150203],
       [0.69652656, 0.31968926],
       [0.8742109 , 0.42885546],
       [0.87025611, 0.23714299],
       [0.87682644, 0.44225461],
       [0.89423859, 0.27475189],
       [0.5272526 , 0.72112451],
       [0.91739538, 0.66506523],
       [0.86798496, 0.65739855],
       [0.46358895, 0.61767989],
       [0.46477256, 0.56971833],
       [0.74491664, 0.45128362],
       [0.61786661, 0.21534723],
       [0.84689436, 0.60012396],
       [0.76575744, 0.6240451 ],
       [0.87758243, 0.5840805 ],
       [0.83043008, 0.75111123],
       [0.71181142, 0.78695773],
       [0.77181016, 0.88089151],
       [0.53864586, 0.366986  ],
       [0.73776474, 0.30025994],
       [0.4753804 , 0.53908822],
       [0.57843325, 0.58749684],
       [0.89067795, 0.35363959],
       [0.74213057, 0.76457065],
       [0.87412415, 0.70351859],
       [0.7387822 , 0.12921787],
       [0.54070454, 0.35505243],
       [0.51319752, 0.71404102],
       [0.62249933, 0.48379492],
       [0.79398699, 0.71127088],
       [0.76447123, 0.80108972],
       [0.91623059, 0.62533193],
       [0.82883063, 0.323769  ],
       [0.76912759, 0.74627813],
       [0.86051778, 0.78546338],
       [0.67421975, 0.44925864],
       [0.46274875, 0.61689049],
       [0.69269963, 0.78337684],
       [0.78087995, 0.69829123],
       [0.592482  , 0.3126405 ],
       [0.82889721, 0.62162798],
       [0.87566923, 0.58795244],
       [0.86357428, 0.41488699],
       [0.70537124, 0.42597862],
       [0.82320122, 0.28695097],
       [0.77291014, 0.37033469],
       [0.64588076, 0.13984536],
       [0.53271787, 0.73617433],
       [0.46827507, 0.50573173],
       [0.61550318, 0.65267702],
       [0.58430936, 0.43356153],
       [0.66212805, 0.777182  ],
       [0.76114247, 0.53716632],
       [0.58507189, 0.42625396],
       [0.58424123, 0.60697707],
       [0.92306212, 0.64263554],
       [0.52138338, 0.69043518],
       [0.62296655, 0.22074566],
       [0.86780556, 0.64993929],
       [0.51445431, 0.56963482],
       [0.89212696, 0.52504027],
       [0.84427845, 0.53312005],
       [0.80638018, 0.48432828],
       [0.72599008, 0.67891545],
       [0.91671796, 0.61567402],
       [0.82618988, 0.31589115],
       [0.64630319, 0.88572176],
       [0.9166382 , 0.67533578],
       [0.49779351, 0.71538064],
       [0.94387792, 0.46868223],
       [0.68999037, 0.40958026],
       [0.87041179, 0.63208132],
       [0.92811008, 0.49304278],
       [0.57795974, 0.81297915],
       [0.60717383, 0.55181325],
       [0.68276686, 0.64008053],
       [0.66139239, 0.58443094],
       [0.57556083, 0.1572735 ],
       [0.50653849, 0.58513164],
       [0.56887176, 0.37401255],
       [0.74639908, 0.39093222],
       [0.58914765, 0.5612684 ],
       [0.56650279, 0.28393447],
       [0.64061531, 0.72667051],
       [0.54544529, 0.25179896],
       [0.54720578, 0.1987528 ],
       [0.8775188 , 0.30225829],
       [0.55489213, 0.23372732],
       [0.55914389, 0.3866399 ],
       [0.79537541, 0.67652926],
       [0.82698826, 0.80371367],
       [0.82456616, 0.2321853 ],
       [0.82117263, 0.41740785],
       [0.79558783, 0.86370892],
       [0.73358861, 0.70415205],
       [0.77386513, 0.45652274],
       [0.72864646, 0.50833802],
       [0.81225912, 0.77160006],
       [0.68163865, 0.70572278],
       [0.59131021, 0.30368085],
       [0.80845465, 0.14603925],
       [0.706912  , 0.59973657],
       [0.51785583, 0.29815066],
       [0.74435374, 0.1116623 ],
       [0.58369686, 0.81527232],
       [0.59426761, 0.32641783],
       [0.63347348, 0.67913508],
       [0.61673504, 0.22054351],
       [0.78228824, 0.65786002],
       [0.56570977, 0.54305801],
       [0.54081493, 0.63703684],
       [0.92765314, 0.38990611],
       [0.69698793, 0.83914174],
       [0.88898053, 0.48330925],
       [0.59893749, 0.28254618],
       [0.74200026, 0.21500795],
       [0.87655516, 0.73978683],
       [0.8392041 , 0.23620395],
       [0.69414118, 0.64298574],
       [0.4892858 , 0.71180348],
       [0.75761517, 0.59345247],
       [0.60679894, 0.14680522],
       [0.62839781, 0.764259  ],
       [0.50327691, 0.31917688],
       [0.57388422, 0.64311906],
       [0.61038013, 0.33213936],
       [0.54725253, 0.47726716],
       [0.71956053, 0.2789974 ],
       [0.74163152, 0.84264559],
       [0.58411861, 0.58993211],
       [0.76749368, 0.44369798],
       [0.64107555, 0.31227908],
       [0.58405142, 0.36968131],
       [0.75326773, 0.32596733],
       [0.59986728, 0.20744091],
       [0.77980759, 0.66952998],
       [0.60300627, 0.28468978],
       [0.80723333, 0.57727213],
       [0.62112568, 0.16531399],
       [0.59924451, 0.57138812],
       [0.53154193, 0.56193161],
       [0.61719034, 0.62582767],
       [0.78095412, 0.17192193],
       [0.55691282, 0.27507862],
       [0.75730085, 0.82249625],
       [0.75541132, 0.70413432],
       [0.7866644 , 0.62179741],
       [0.67108111, 0.81933754],
       [0.64295318, 0.76967286],
       [0.53366115, 0.63606391],
       [0.81859683, 0.49428308],
       [0.68588841, 0.29113526],
       [0.86477517, 0.68487916],
       [0.77499443, 0.44999678],
       [0.54104713, 0.70738189],
       [0.54732078, 0.71358547],
       [0.58303766, 0.26361332],
       [0.81700268, 0.80446868],
       [0.84135251, 0.6095336 ],
       [0.48097815, 0.50470237],
       [0.67990887, 0.63165721],
       [0.49553824, 0.61594693],
       [0.61912385, 0.42807769],
       [0.64661246, 0.31664589],
       [0.80642373, 0.68110714],
       [0.79496117, 0.71982788],
       [0.6676164 , 0.23754833],
       [0.73040442, 0.49646336],
       [0.68789939, 0.72072662],
       [0.58199578, 0.57690309],
       [0.8118005 , 0.438294  ],
       [0.60782558, 0.50084438],
       [0.50360169, 0.35469529],
       [0.7382182 , 0.63525826],
       [0.60172482, 0.13637712],
       [0.63495712, 0.7347897 ],
       [0.84210475, 0.54490191],
       [0.45565795, 0.46989513],
       [0.7191405 , 0.67924509],
       [0.80734616, 0.51140915],
       [0.92708963, 0.66340128],
       [0.59283303, 0.49506481],
       [0.69982503, 0.82735916],
       [0.80109564, 0.34299721],
       [0.49654725, 0.72618337],
       [0.68618757, 0.78028166],
       [0.92710442, 0.60167741],
       [0.61424821, 0.15890468],
       [0.64666793, 0.24741976],
       [0.5041352 , 0.2930771 ],
       [0.62057099, 0.48513135],
       [0.79459966, 0.32070274],
       [0.82584497, 0.73433399],
       [0.8205137 , 0.41702875],
       [0.46136108, 0.4482014 ],
       [0.45581154, 0.5090097 ],
       [0.78628016, 0.45829284],
       [0.61273278, 0.12535699],
       [0.63412574, 0.45123633],
       [0.81198376, 0.44819901],
       [0.70461663, 0.77967434],
       [0.80962154, 0.32664275],
       [0.7662492 , 0.20837203],
       [0.64292083, 0.34532729],
       [0.66361762, 0.41749737],
       [0.87065031, 0.34475121],
       [0.47363955, 0.56527657],
       [0.68418431, 0.27482653],
       [0.558257  , 0.60973506],
       [0.51022626, 0.69130594],
       [0.65629379, 0.36794288],
       [0.6346426 , 0.14789128],
       [0.83441423, 0.3181304 ],
       [0.75738421, 0.33156321],
       [0.60869517, 0.13524173],
       [0.68306398, 0.30289017],
       [0.94287389, 0.44415514],
       [0.78440663, 0.66995412],
       [0.75857684, 0.43826275],
       [0.54465377, 0.53416457],
       [0.81799916, 0.39351257],
       [0.86402568, 0.60213597],
       [0.59184929, 0.16050285],
       [0.67314142, 0.37112882],
       [0.85619081, 0.60858768],
       [0.88140235, 0.72338187],
       [0.84495772, 0.69141286],
       [0.5984789 , 0.61248966],
       [0.45177723, 0.50415726],
       [0.51814629, 0.54058502],
       [0.49448603, 0.72366642],
       [0.94842129, 0.49281726],
       [0.49967777, 0.59349202],
       [0.50890637, 0.62515305],
       [0.49839735, 0.64647062],
       [0.7676216 , 0.26603061],
       [0.91147292, 0.45094593],
       [0.78573598, 0.36421673],
       [0.56316756, 0.49668282],
       [0.5616471 , 0.30298813],
       [0.88993326, 0.65718742],
       [0.7788623 , 0.83374837],
       [0.5171415 , 0.74628022],
       [0.77953565, 0.40202904],
       [0.60003663, 0.78529484],
       [0.79890754, 0.33215004],
       [0.62578464, 0.62531535],
       [0.56080492, 0.47570598],
       [0.81174414, 0.63293374],
       [0.83703241, 0.56805456],
       [0.81568761, 0.48894882],
       [0.57145149, 0.77493944],
       [0.81521197, 0.16681962],
       [0.74440877, 0.3544147 ],
       [0.53927098, 0.64296111],
       [0.76791996, 0.25757773],
       [0.71395791, 0.35741739],
       [0.51490548, 0.68606506],
       [0.47417462, 0.61987323],
       [0.65009566, 0.23022416],
       [0.76967296, 0.31159305],
       [0.50697382, 0.34679255],
       [0.51724466, 0.6279758 ],
       [0.82275061, 0.44422929],
       [0.60873327, 0.55299602],
       [0.79581989, 0.7860879 ],
       [0.60700533, 0.15182879],
       [0.79136231, 0.19917821],
       [0.52594297, 0.30228137],
       [0.47268606, 0.44641261],
       [0.59635087, 0.59540826],
       [0.86397979, 0.75931962],
       [0.78970752, 0.81990913],
       [0.72969962, 0.87923063],
       [0.53681033, 0.70077084],
       [0.77197126, 0.59331914],
       [0.67103586, 0.68912014],
       [0.85328975, 0.33525272],
       [0.51239916, 0.76258284],
       [0.83201351, 0.20016231],
       [0.55296258, 0.54313934],
       [0.91612501, 0.37741485],
       [0.84518368, 0.37491402],
       [0.82933348, 0.33126024],
       [0.82579287, 0.26077333],
       [0.87532877, 0.60891462],
       [0.58610314, 0.29173129],
       [0.57963236, 0.46371918],
       [0.8797366 , 0.56984945],
       [0.76582565, 0.19665582],
       [0.91640505, 0.61886898],
       [0.62055983, 0.36537281],
       [0.57949523, 0.5869708 ],
       [0.52067676, 0.37041397],
       [0.5994455 , 0.37831516],
       [0.65505703, 0.5426633 ],
       [0.89980962, 0.32187577],
       [0.65897048, 0.47081899],
       [0.81564347, 0.83530817],
       [0.76558225, 0.40464343],
       [0.82546115, 0.4896626 ],
       [0.70295497, 0.30552166],
       [0.52337078, 0.61650305],
       [0.75178392, 0.53866035],
       [0.94430573, 0.57917609],
       [0.70592851, 0.18216947],
       [0.84421953, 0.68306777],
       [0.82326319, 0.22966557],
       [0.7840545 , 0.30708052],
       [0.65317428, 0.60070004],
       [0.7728072 , 0.5748009 ],
       [0.47816783, 0.60882722],
       [0.68921499, 0.34901578],
       [0.68403738, 0.42450955],
       [0.75122758, 0.40358786],
       [0.88637966, 0.3696758 ],
       [0.707624  , 0.76780494],
       [0.55706034, 0.25688554],
       [0.57818852, 0.58930758],
       [0.57641701, 0.5477011 ],
       [0.7778046 , 0.32923184],
       [0.84105489, 0.39739392],
       [0.62384021, 0.29149038],
       [0.80927471, 0.28804272],
       [0.82894743, 0.75657237],
       [0.91500424, 0.60786231],
       [0.46440511, 0.5410179 ],
       [0.6461112 , 0.76742476],
       [0.78655858, 0.85577451],
       [0.69793745, 0.73439207],
       [0.62112081, 0.28336942],
       [0.57555197, 0.84590322],
       [0.66402641, 0.30698311],
       [0.64547382, 0.24097078],
       [0.58978063, 0.84168244],
       [0.56242567, 0.70961712],
       [0.6968622 , 0.62527057],
       [0.55282112, 0.4918084 ],
       [0.70137808, 0.61452132],
       [0.74517706, 0.48573607],
       [0.87707753, 0.22454251],
       [0.68113158, 0.33892763],
       [0.68559545, 0.86925737],
       [0.84373587, 0.18351838],
       [0.71893795, 0.25234919],
       [0.87860885, 0.48848425],
       [0.4751156 , 0.56464887],
       [0.6083636 , 0.42082556],
       [0.85163687, 0.81152383],
       [0.69904869, 0.66883057],
       [0.75819979, 0.77834216],
       [0.62627519, 0.35222192],
       [0.67591748, 0.59464367],
       [0.8691101 , 0.67642666],
       [0.73287162, 0.60189493],
       [0.63803648, 0.24825346],
       [0.55831371, 0.17158918],
       [0.56586432, 0.46899296],
       [0.67342816, 0.54611933],
       [0.48641288, 0.36550731],
       [0.6193117 , 0.35823515],
       [0.64816292, 0.2197186 ],
       [0.55279121, 0.43231054],
       [0.55083446, 0.7703678 ],
       [0.54338405, 0.6224074 ],
       [0.51038691, 0.24747134],
       [0.84041749, 0.24460983],
       [0.88639362, 0.70696984],
       [0.8316166 , 0.82562518],
       [0.574206  , 0.60725663],
       [0.51689706, 0.74850745],
       [0.69922027, 0.63483066],
       [0.65973819, 0.58187849],
       [0.82450276, 0.17074546],
       [0.81475901, 0.62332021],
       [0.54939969, 0.55544352],
       [0.57466494, 0.15458795],
       [0.51737235, 0.75623013],
       [0.72773159, 0.12547662],
       [0.68735088, 0.87046409],
       [0.63326169, 0.34193129],
       [0.63494765, 0.59875726],
       [0.90423393, 0.57424331],
       [0.61197733, 0.84694245],
       [0.77360997, 0.60153362],
       [0.830295  , 0.78551982],
       [0.61376258, 0.33731019],
       [0.83603055, 0.40558075],
       [0.65000768, 0.87568983],
       [0.86137052, 0.36969542],
       [0.83684624, 0.29743012],
       [0.61112942, 0.22696193],
       [0.72712965, 0.59778808],
       [0.48705846, 0.49837981],
       [0.68352594, 0.51227911],
       [0.72669032, 0.88486085],
       [0.77896591, 0.23600889],
       [0.66562867, 0.27619029],
       [0.90807875, 0.53945325],
       [0.82764884, 0.31851741],
       [0.69010468, 0.7692226 ],
       [0.84257008, 0.46138889],
       [0.72248647, 0.30420753],
       [0.67362397, 0.73769766],
       [0.6629434 , 0.45575165],
       [0.76439719, 0.54663552],
       [0.66615128, 0.50134268],
       [0.52497605, 0.48376026],
       [0.62848197, 0.48041033],
       [0.7329499 , 0.38012501],
       [0.51265488, 0.56115502],
       [0.84916352, 0.49091609],
       [0.54230862, 0.67958849],
       [0.55476019, 0.38259292],
       [0.88941711, 0.56468029],
       [0.68114199, 0.32652549],
       [0.7900436 , 0.76648339],
       [0.55004534, 0.797313  ],
       [0.91726758, 0.54741726],
       [0.52793222, 0.28563378],
       [0.80800272, 0.17501911],
       [0.80998204, 0.57419096],
       [0.46826276, 0.42675212],
       [0.92667889, 0.33366645],
       [0.51741892, 0.76642229],
       [0.64000577, 0.13021311],
       [0.82709493, 0.17394206],
       [0.75435343, 0.88250842],
       [0.76936456, 0.56242135],
       [0.8873255 , 0.7488208 ],
       [0.88879158, 0.43191367],
       [0.64051671, 0.86544581],
       [0.72842414, 0.53775587],
       [0.8150159 , 0.15050939],
       [0.64608076, 0.48252391],
       [0.66998817, 0.38767026],
       [0.80949286, 0.70389848],
       [0.53492575, 0.70457235],
       [0.70247449, 0.2435931 ],
       [0.82375734, 0.49485864],
       [0.75294215, 0.67333119],
       [0.85464823, 0.51979309],
       [0.60231551, 0.71104264],
       [0.50239352, 0.4217998 ],
       [0.60187279, 0.86388679],
       [0.59677848, 0.62751222],
       [0.9135316 , 0.65911659],
       [0.56875805, 0.56056694],
       [0.89929757, 0.4555231 ],
       [0.63443274, 0.71333903],
       [0.76204438, 0.39445781],
       [0.67856525, 0.74505949],
       [0.79853968, 0.349211  ],
       [0.61777222, 0.36930166],
       [0.89114763, 0.56774424],
       [0.92906496, 0.49721642],
       [0.59613799, 0.77088977],
       [0.68685387, 0.32162416],
       [0.57264134, 0.63613197],
       [0.68795481, 0.60779362],
       [0.69020342, 0.65168798],
       [0.77445285, 0.43163313],
       [0.82017413, 0.44766051],
       [0.59318919, 0.78340657],
       [0.61000119, 0.33796141],
       [0.67657268, 0.40706053],
       [0.48156352, 0.50659048],
       [0.77389973, 0.20867531],
       [0.70211925, 0.65219566],
       [0.76262693, 0.44429085],
       [0.62250559, 0.67167718],
       [0.59088788, 0.1901526 ],
       [0.57514865, 0.61642647],
       [0.66872294, 0.47314879],
       [0.84212477, 0.67488595],
       [0.5106938 , 0.60577984],
       [0.73241016, 0.62632176],
       [0.67967016, 0.60048554],
       [0.57118549, 0.48679162],
       [0.64777713, 0.13791156],
       [0.79872386, 0.19294325],
       [0.84774749, 0.38274374],
       [0.80106667, 0.25010002],
       [0.50703922, 0.38452154],
       [0.64733173, 0.84900807],
       [0.76625923, 0.51189987],
       [0.74011371, 0.335177  ],
       [0.59198963, 0.56303986],
       [0.49939011, 0.48311596],
       [0.7513553 , 0.74768445],
       [0.79686825, 0.16938386],
       [0.50599203, 0.27918003],
       [0.71361773, 0.37114692],
       [0.89143531, 0.34358685],
       [0.65815637, 0.45917009],
       [0.53878687, 0.37240658],
       [0.61678618, 0.76377211],
       [0.71076576, 0.43902045],
       [0.71643843, 0.47768825],
       [0.91841702, 0.46294681],
       [0.62333146, 0.76910531],
       [0.60042305, 0.43388488],
       [0.87688682, 0.27007379],
       [0.67130765, 0.41969389],
       [0.70005321, 0.34042347],
       [0.88040318, 0.37605518],
       [0.75215748, 0.88221457],
       [0.6231398 , 0.16479547],
       [0.49067162, 0.64861392],
       [0.78067889, 0.17496018],
       [0.89931642, 0.66969656],
       [0.61218812, 0.82696017],
       [0.88249525, 0.66092397],
       [0.94135647, 0.49333173],
       [0.91848609, 0.41981824],
       [0.90041511, 0.40778517],
       [0.67660613, 0.88981721],
       [0.66877133, 0.71845864],
       [0.92685596, 0.39904459],
       [0.74728897, 0.20835169],
       [0.68776465, 0.47705293],
       [0.89681632, 0.40576912],
       [0.46399109, 0.59456344],
       [0.6418848 , 0.69620607],
       [0.52416651, 0.43227914],
       [0.79890074, 0.32796781],
       [0.64891527, 0.37055529],
       [0.63124912, 0.69250447],
       [0.90447703, 0.68211965],
       [0.76042671, 0.57741313],
       [0.56617698, 0.37034403],
       [0.58452316, 0.83396875],
       [0.89631721, 0.54918868],
       [0.80762108, 0.53013912],
       [0.84429895, 0.50597793],
       [0.68323048, 0.62414657],
       [0.64570774, 0.87267192],
       [0.63044845, 0.43035396],
       [0.61866983, 0.49421538],
       [0.62828751, 0.57692232],
       [0.52043653, 0.48513074],
       [0.78751323, 0.6525625 ],
       [0.82362745, 0.5034397 ],
       [0.65211261, 0.4367959 ],
       [0.51524235, 0.23128457],
       [0.61499174, 0.74590268],
       [0.60520058, 0.16044189],
       [0.57501039, 0.43269688],
       [0.52061885, 0.23440333],
       [0.76503133, 0.40603461],
       [0.88911018, 0.53712112],
       [0.6442935 , 0.44047591],
       [0.8616994 , 0.71936122],
       [0.71557654, 0.22369471],
       [0.60563245, 0.32274927],
       [0.70960118, 0.28777991],
       [0.46883289, 0.3575557 ],
       [0.59791298, 0.16052545],
       [0.64338322, 0.30270456],
       [0.65828381, 0.713587  ],
       [0.9060424 , 0.32442005],
       [0.83142   , 0.15975974],
       [0.84559366, 0.50875478],
       [0.76991176, 0.42487137],
       [0.79178213, 0.65073155],
       [0.85057127, 0.77678132],
       [0.65680843, 0.21031546],
       [0.87795023, 0.24581175],
       [0.79663393, 0.63887834],
       [0.8205207 , 0.47291722],
       [0.7328868 , 0.11658534],
       [0.62976469, 0.47221099],
       [0.56917386, 0.51263436],
       [0.5330669 , 0.40723775],
       [0.56988706, 0.60050227],
       [0.60794424, 0.52241444],
       [0.8357502 , 0.22415528],
       [0.70934169, 0.41249343],
       [0.8812057 , 0.60736261],
       [0.89920735, 0.26142155],
       [0.76427004, 0.56185513],
       [0.84661484, 0.32400919],
       [0.7651651 , 0.8202322 ],
       [0.49314047, 0.71535102],
       [0.86178612, 0.32689885],
       [0.72230459, 0.56493361],
       [0.77570182, 0.82169288],
       [0.82471251, 0.68589393],
       [0.59317428, 0.63197663],
       [0.89676709, 0.54332128],
       [0.63089039, 0.41529429],
       [0.79880179, 0.80740445],
       [0.65684849, 0.23969052],
       [0.82944623, 0.83316469],
       [0.6249138 , 0.25639437],
       [0.89745746, 0.57010984],
       [0.79590239, 0.80950661],
       [0.76103176, 0.32139252],
       [0.52867265, 0.76198852],
       [0.78945969, 0.25001709],
       [0.6812077 , 0.87748958],
       [0.69099435, 0.23070681],
       [0.5432178 , 0.50895247],
       [0.4798606 , 0.31091604],
       [0.74513687, 0.76502546],
       [0.50568167, 0.69058857],
       [0.59529633, 0.3025913 ]]), array([0, 0, 0, 0, 0, 0, 0, 0, 0, 0, 0, 0, 0, 0, 0, 0, 0, 0, 0, 0, 0, 0,
       0, 0, 0, 0, 0, 0, 0, 0, 0, 0, 0, 0, 0, 0, 0, 0, 0, 0, 0, 0, 0, 0,
       0, 0, 0, 0, 0, 0, 0, 0, 0, 0, 0, 0, 0, 0, 0, 0, 0, 0, 0, 0, 0, 0,
       0, 0, 0, 0, 0, 0, 0, 0, 0, 0, 0, 0, 0, 0, 0, 0, 0, 0, 0, 0, 0, 0,
       0, 0, 0, 0, 0, 0, 0, 0, 0, 0, 0, 0, 0, 0, 0, 0, 0, 0, 0, 0, 0, 0,
       0, 0, 0, 0, 0, 0, 0, 0, 0, 0, 0, 0, 0, 0, 0, 0, 0, 0, 0, 0, 0, 0,
       0, 0, 0, 0, 0, 0, 0, 0, 0, 0, 0, 0, 0, 0, 0, 0, 0, 0, 0, 0, 0, 0,
       0, 0, 0, 0, 0, 0, 0, 0, 0, 0, 0, 0, 0, 0, 0, 0, 0, 0, 0, 0, 0, 0,
       0, 0, 0, 0, 0, 0, 0, 0, 0, 0, 0, 0, 0, 0, 0, 0, 0, 0, 0, 0, 0, 0,
       0, 0, 0, 0, 0, 0, 0, 0, 0, 0, 0, 0, 0, 0, 0, 0, 0, 0, 0, 0, 0, 0,
       0, 0, 0, 0, 0, 0, 0, 0, 0, 0, 0, 0, 0, 0, 0, 0, 0, 0, 0, 0, 0, 0,
       0, 0, 0, 0, 0, 0, 0, 0, 0, 0, 0, 0, 0, 0, 0, 0, 0, 0, 0, 0, 0, 0,
       0, 0, 0, 0, 0, 0, 0, 0, 0, 0, 0, 0, 0, 0, 0, 0, 0, 0, 0, 0, 0, 0,
       0, 0, 0, 0, 0, 0, 0, 0, 0, 0, 0, 0, 0, 0, 0, 0, 0, 0, 0, 0, 0, 0,
       0, 0, 0, 0, 0, 0, 0, 0, 0, 0, 0, 0, 0, 0, 0, 0, 0, 0, 0, 0, 0, 0,
       0, 0, 0, 0, 0, 0, 0, 0, 0, 0, 0, 0, 0, 0, 0, 0, 0, 0, 0, 0, 0, 0,
       0, 0, 0, 0, 0, 0, 0, 0, 0, 0, 0, 0, 0, 0, 0, 0, 0, 0, 0, 0, 0, 0,
       0, 0, 0, 0, 0, 0, 0, 0, 0, 0, 0, 0, 0, 0, 0, 0, 0, 0, 0, 0, 0, 0,
       0, 0, 0, 0, 0, 0, 0, 0, 0, 0, 0, 0, 0, 0, 0, 0, 0, 0, 0, 0, 0, 0,
       0, 0, 0, 0, 0, 0, 0, 0, 0, 0, 0, 0, 0, 0, 0, 0, 0, 0, 0, 0, 0, 0,
       0, 0, 0, 0, 0, 0, 0, 0, 0, 0, 0, 0, 0, 0, 0, 0, 0, 0, 0, 0, 0, 0,
       0, 0, 0, 0, 0, 0, 0, 0, 0, 0, 0, 0, 0, 0, 0, 0, 0, 0, 0, 0, 0, 0,
       0, 0, 0, 0, 0, 0, 0, 0, 0, 0, 0, 0, 0, 0, 0, 0, 0, 0, 0, 0, 0, 0,
       0, 0, 0, 0, 0, 0, 0, 0, 0, 0, 0, 0, 0, 0, 0, 0, 0, 0, 0, 0, 0, 0,
       0, 0, 0, 0, 0, 0, 0, 0, 0, 0, 0, 0, 0, 0, 0, 0, 0, 0, 0, 0, 0, 0,
       0, 0, 0, 0, 0, 0, 0, 0, 0, 0, 0, 0, 0, 0, 0, 0, 0, 0, 0, 0, 0, 0,
       0, 0, 0, 0, 0, 0, 0, 0, 0, 0, 0, 0, 0, 0, 0, 0, 0, 0, 0, 0, 0, 0,
       0, 0, 0, 0, 0, 0, 0, 0, 0, 0, 0, 0, 0, 0, 0, 0, 0, 0, 0, 0, 0, 0,
       0, 0, 0, 0, 0, 0, 0, 0, 0, 0, 0, 0, 0, 0, 0, 0, 0, 0, 0, 0, 0, 0,
       0, 0, 0, 0, 0, 0, 0, 0, 0, 0, 0, 0, 0, 0, 0, 0, 0, 0, 0, 0, 0, 0,
       0, 0, 0, 0, 0, 0, 0, 0, 0, 0, 0, 0, 0, 0, 0, 0, 0, 0, 0, 0, 0, 0,
       0, 0, 0, 0, 0, 0, 0, 0, 0, 0, 0, 0, 0, 0, 0, 0, 0, 0, 0, 0, 0, 0,
       0, 0, 0, 0, 0, 0, 0, 0, 0, 0, 0, 0, 0, 0, 0, 0, 0, 0, 0, 0, 0, 0,
       0, 0, 0, 0, 0, 0, 0, 0, 0, 0, 0, 0, 0, 0, 0, 0, 0, 0, 0, 0, 0, 0,
       0, 0, 1, 1, 1, 1, 1, 1, 1, 1, 1, 1, 1, 1, 1, 1, 1, 1, 1, 1, 1, 1,
       1, 1, 1, 1, 1, 1, 1, 1, 1, 1, 1, 1, 1, 1, 1, 1, 1, 1, 1, 1, 1, 1,
       1, 1, 1, 1, 1, 1, 1, 1, 1, 1, 1, 1, 1, 1, 1, 1, 1, 1, 1, 1, 1, 1,
       1, 1, 1, 1, 1, 1, 1, 1, 1, 1, 1, 1, 1, 1, 1, 1, 1, 1, 1, 1, 1, 1,
       1, 1, 1, 1, 1, 1, 1, 1, 1, 1, 1, 1, 1, 1, 1, 1, 1, 1, 1, 1, 1, 1,
       1, 1, 1, 1, 1, 1, 1, 1, 1, 1, 1, 1, 1, 1, 1, 1, 1, 1, 1, 1, 1, 1,
       1, 1, 1, 1, 1, 1, 1, 1, 1, 1, 1, 1, 1, 1, 1, 1, 1, 1, 1, 1, 1, 1,
       1, 1, 1, 1, 1, 1, 1, 1, 1, 1, 1, 1, 1, 1, 1, 1, 1, 1, 1, 1, 1, 1,
       1, 1, 1, 1, 1, 1, 1, 1, 1, 1, 1, 1, 1, 1, 1, 1, 1, 1, 1, 1, 1, 1,
       1, 1, 1, 1, 1, 1, 1, 1, 1, 1, 1, 1, 1, 1, 1, 1, 1, 1, 1, 1, 1, 1,
       1, 1, 1, 1, 1, 1, 1, 1, 1, 1, 1, 1, 1, 1, 1, 1, 1, 1, 1, 1, 1, 1,
       1, 1, 1, 1, 1, 1, 1, 1, 1, 1, 1, 1, 1, 1, 1, 1, 1, 1, 1, 1, 1, 1,
       1, 1, 1, 1, 1, 1, 1, 1, 1, 1, 1, 1, 1, 1, 1, 1, 1, 1, 1, 1, 1, 1,
       1, 1, 1, 1, 1, 1, 1, 1, 1, 1, 1, 1, 1, 1, 1, 1, 1, 1, 1, 1, 1, 1,
       1, 1, 1, 1, 1, 1, 1, 1, 1, 1, 1, 1, 1, 1, 1, 1, 1, 1, 1, 1, 1, 1,
       1, 1, 1, 1, 1, 1, 1, 1, 1, 1, 1, 1, 1, 1, 1, 1, 1, 1, 1, 1, 1, 1,
       1, 1, 1, 1, 1, 1, 1, 1, 1, 1, 1, 1, 1, 1, 1, 1, 1, 1, 1, 1, 1, 1,
       1, 1, 1, 1, 1, 1, 1, 1, 1, 1, 1, 1, 1, 1, 1, 1, 1, 1, 1, 1, 1, 1,
       1, 1, 1, 1, 1, 1, 1, 1, 1, 1, 1, 1, 1, 1, 1, 1, 1, 1, 1, 1, 1, 1,
       1, 1, 1, 1, 1, 1, 1, 1, 1, 1, 1, 1, 1, 1, 1, 1, 1, 1, 1, 1, 1, 1,
       1, 1, 1, 1, 1, 1, 1, 1, 1, 1, 1, 1, 1, 1, 1, 1, 1, 1, 1, 1, 1, 1,
       1, 1, 1, 1, 1, 1, 1, 1, 1, 1, 1, 1, 1, 1, 1, 1, 1, 1, 1, 1, 1, 1,
       1, 1, 1, 1, 1, 1, 1, 1, 1, 1, 1, 1, 1, 1, 1, 1, 1, 1, 1, 1, 1, 1,
       1, 1, 1, 1, 1, 1, 1, 1, 1, 1, 1, 1, 1, 1, 1, 1, 1, 1, 1, 1, 1, 1,
       1, 1, 1, 1, 1, 1, 1, 1, 1, 1, 1, 1, 1, 1, 1, 1, 1, 1, 1, 1, 1, 1,
       1, 1, 1, 1, 1, 1, 1, 1, 1, 1, 1, 1, 1, 1, 1, 1, 1, 1, 1, 1, 1, 1,
       1, 1, 1, 1, 1, 1, 1, 1, 1, 1, 1, 1, 1, 1, 1, 1, 1, 1, 1, 1, 1, 1,
       1, 1, 1, 1, 1, 1, 1, 1, 1, 1, 1, 1, 1, 1, 1, 1, 1, 1, 1, 1, 1, 1,
       1, 1, 1, 1, 1, 1, 1, 1, 1, 1, 1, 1, 1, 1, 1, 1, 1, 1, 1, 1, 1, 1,
       1, 1, 1, 1, 1, 1, 1, 1, 1, 1, 1, 1, 1, 1, 1, 1, 1, 1, 1, 1, 1, 1,
       1, 1, 1, 1, 1, 1, 1, 1, 1, 1, 1, 1, 1, 1, 1, 1, 1, 1, 1, 1, 1, 1,
       1, 1, 1, 1, 1, 1, 1, 1, 1, 1, 1, 1, 1, 1, 1, 1, 1, 1, 1, 1, 1, 1,
       1, 1, 1, 1, 1, 1, 1, 1, 1, 1, 1, 1, 1, 1, 1, 1, 1, 1, 1, 1, 1, 1,
       1, 1, 1, 1, 1, 1, 1, 1, 1, 1, 1, 1, 1, 1, 1, 1, 1, 1, 1, 1, 1, 1,
       1, 1, 1, 1]), Counter({0: 750, 1: 750}))