(array([[3.00369086e-02, 6.53635754e-01],
       [2.10008696e-01, 2.57276975e-01],
       [9.88811210e-01, 4.61533010e-01],
       [9.93485008e-01, 9.92571994e-01],
       [2.42675536e-01, 7.26451129e-02],
       [1.59901022e-01, 8.41902731e-01],
       [5.99554729e-01, 9.17462665e-01],
       [9.72169107e-01, 6.54423821e-01],
       [5.35204782e-01, 6.76310316e-02],
       [2.35100631e-02, 8.05294287e-01],
       [6.71969714e-01, 7.63011742e-01],
       [6.38722819e-01, 8.95175650e-01],
       [1.11750019e-01, 4.94450420e-01],
       [3.09194052e-01, 8.29344923e-01],
       [8.77076986e-01, 2.52030168e-01],
       [8.03424801e-02, 2.43223628e-01],
       [3.14615005e-01, 7.69635029e-01],
       [4.09726202e-01, 7.49899622e-01],
       [1.86368685e-01, 6.45384307e-01],
       [5.13104874e-01, 8.62662216e-01],
       [9.48462831e-01, 5.20018439e-01],
       [6.82555886e-02, 9.37271160e-01],
       [9.44843829e-01, 4.74253803e-01],
       [4.85650579e-01, 9.32535078e-01],
       [2.53668752e-01, 2.55598768e-01],
       [6.95229649e-01, 6.74977833e-01],
       [6.86059491e-01, 8.28011209e-01],
       [2.25507043e-01, 2.13335212e-01],
       [7.39644608e-01, 6.20030733e-01],
       [7.97304323e-01, 6.43812059e-01],
       [9.56670994e-01, 5.28771318e-01],
       [3.20785359e-01, 6.89276287e-01],
       [1.19538499e-01, 3.34611189e-01],
       [3.26998277e-02, 5.52799321e-01],
       [2.53834015e-01, 3.91758790e-01],
       [7.87527433e-01, 6.35402147e-01],
       [3.69711347e-02, 4.42747866e-01],
       [6.70686472e-03, 8.23193391e-01],
       [4.96487890e-01, 8.50410718e-01],
       [2.64645505e-01, 8.23067930e-01],
       [1.38590367e-01, 8.67421477e-01],
       [3.89693033e-01, 7.32536223e-02],
       [9.15125901e-01, 8.36729936e-01],
       [1.93624164e-01, 5.77449620e-01],
       [4.76253636e-01, 1.42751962e-01],
       [4.25308510e-01, 9.72752527e-01],
       [3.80682232e-01, 7.58852626e-01],
       [7.60275627e-01, 7.69292339e-01],
       [6.12242721e-01, 9.02299764e-01],
       [4.47531250e-01, 1.00909042e-01],
       [4.89085860e-01, 7.62369808e-01],
       [5.74133729e-01, 1.77378827e-01],
       [2.42697294e-01, 4.84068434e-01],
       [1.05714129e-01, 2.00664293e-01],
       [7.39236452e-01, 1.06542516e-01],
       [1.14373797e-01, 1.58705284e-01],
       [5.17714935e-01, 2.13218025e-02],
       [7.59304597e-01, 7.75237299e-01],
       [1.49661225e-01, 2.28463271e-01],
       [1.37580187e-01, 4.43002568e-01],
       [5.98501048e-01, 2.22580324e-01],
       [6.49105188e-01, 1.43335880e-01],
       [1.64636458e-01, 4.15010871e-01],
       [2.87854187e-01, 7.19225994e-01],
       [8.18566929e-01, 8.34387744e-01],
       [7.72568224e-01, 1.20250422e-01],
       [2.71979280e-01, 9.80997713e-02],
       [9.29210370e-02, 9.35994304e-01],
       [7.57239106e-02, 4.49161720e-02],
       [9.00177744e-01, 4.52836481e-01],
       [8.55085866e-01, 5.88422626e-01],
       [1.36525304e-01, 4.81073131e-01],
       [7.61396566e-01, 1.75165352e-02],
       [7.77220235e-01, 3.50558543e-01],
       [7.88478820e-01, 4.83641033e-01],
       [4.51708990e-01, 6.29241108e-02],
       [7.28071832e-01, 1.73369087e-01],
       [6.04019565e-01, 5.01933748e-03],
       [1.08045133e-01, 6.27353476e-01],
       [4.36888452e-02, 8.44704270e-01],
       [5.30639246e-01, 8.67919079e-01],
       [1.11223265e-01, 6.20890981e-01],
       [1.12837534e-01, 1.79321820e-01],
       [7.01078259e-02, 6.60443495e-01],
       [4.24797547e-01, 1.27792020e-01],
       [5.66592629e-01, 8.76568424e-01],
       [9.27274744e-01, 7.79132325e-02],
       [3.92315184e-01, 1.80917692e-01],
       [6.93471057e-01, 8.53840732e-01],
       [9.68999911e-01, 3.73723236e-01],
       [2.33580204e-01, 2.53529847e-01],
       [2.08334450e-02, 6.68839701e-01],
       [1.44298010e-01, 5.01066329e-01],
       [8.64474130e-01, 7.02190351e-01],
       [6.29820900e-01, 7.66874484e-01],
       [6.09803208e-01, 8.24470603e-01],
       [6.10859745e-01, 2.26018473e-01],
       [7.03159842e-02, 9.37680220e-01],
       [1.13093386e-01, 5.32142371e-01],
       [8.76220113e-01, 8.38593892e-01],
       [7.56184878e-01, 4.71903125e-02],
       [3.16278735e-02, 5.21470267e-01],
       [9.90888738e-02, 2.22769707e-01],
       [2.55204828e-01, 7.98506742e-01],
       [8.13648144e-01, 7.98104220e-01],
       [8.80307077e-01, 8.75443811e-01],
       [1.82162456e-01, 9.98140001e-01],
       [3.46747208e-01, 7.06846395e-01],
       [7.88537063e-01, 2.28452923e-01],
       [9.17646942e-01, 6.19473213e-01],
       [7.32440655e-01, 1.98163343e-01],
       [3.33005704e-01, 7.06998435e-01],
       [8.68393874e-01, 5.67928430e-01],
       [5.71000118e-01, 7.06991199e-02],
       [4.77673381e-01, 2.05459227e-01],
       [7.12589629e-01, 1.17937732e-01],
       [3.87283359e-02, 7.09216181e-01],
       [4.74339176e-01, 9.81390878e-01],
       [5.73591905e-01, 1.01000007e-01],
       [1.37999005e-01, 1.72943362e-01],
       [3.80395864e-03, 2.96045470e-01],
       [8.56173599e-01, 6.22437877e-02],
       [1.40850228e-01, 3.66003373e-02],
       [1.82441668e-02, 3.18429549e-01],
       [2.55137141e-01, 1.66627710e-01],
       [4.23819497e-01, 8.06117277e-02],
       [1.59930225e-01, 2.65150095e-01],
       [1.26336200e-01, 9.63407778e-01],
       [8.41314581e-01, 1.13279070e-01],
       [7.89578828e-01, 6.43290429e-01],
       [8.61237342e-01, 9.15823850e-01],
       [7.99878127e-01, 7.82859185e-01],
       [4.07354067e-01, 9.71318504e-01],
       [7.72948665e-01, 4.99006817e-01],
       [7.34657194e-01, 2.25936702e-01],
       [7.62386034e-01, 3.14549125e-01],
       [1.19571477e-01, 1.06771182e-01],
       [8.45369359e-01, 1.51361663e-02],
       [9.03828546e-01, 5.51363427e-01],
       [7.30932467e-02, 4.34468909e-01],
       [1.83073283e-01, 9.43714274e-01],
       [4.03063142e-01, 1.22702270e-01],
       [5.60036735e-02, 3.51255623e-01],
       [1.68241269e-01, 4.94766998e-01],
       [8.56230046e-02, 1.42219742e-01],
       [8.53873614e-02, 7.35914223e-01],
       [7.29300049e-01, 7.65557976e-02],
       [2.15846523e-01, 9.39759356e-01],
       [7.31741988e-01, 9.86046954e-03],
       [4.37310262e-01, 9.16275796e-01],
       [7.21090613e-01, 3.28644563e-01],
       [8.29009659e-01, 6.58973502e-01],
       [9.58008966e-01, 8.20799104e-01],
       [8.31660207e-02, 5.04891341e-01],
       [7.34902665e-01, 8.43790934e-01],
       [7.80906315e-01, 7.87432264e-01],
       [2.24727515e-01, 4.43849617e-01],
       [2.26006800e-01, 9.30666505e-01],
       [9.88913051e-01, 3.80961734e-01],
       [3.55095452e-01, 2.64336706e-01],
       [1.16496965e-01, 5.76444149e-02],
       [9.48560137e-02, 9.49946136e-01],
       [7.02025298e-01, 2.75551742e-01],
       [9.65379599e-01, 5.95264466e-02],
       [9.05950016e-01, 6.28411533e-02],
       [3.08871812e-01, 2.51537716e-02],
       [8.57074883e-01, 6.14860544e-01],
       [3.01922849e-02, 4.77905512e-01],
       [9.31794188e-01, 6.51793293e-01],
       [1.25813188e-01, 9.77683280e-01],
       [5.37797085e-03, 9.57243755e-01],
       [6.52853368e-01, 2.87304949e-01],
       [6.90813728e-01, 7.42284341e-01],
       [8.28946418e-01, 9.44982744e-01],
       [6.47544629e-01, 8.98725630e-01],
       [2.03892296e-01, 1.47483894e-01],
       [6.14045639e-01, 7.87002776e-01],
       [7.98037546e-01, 3.65974108e-01],
       [9.31256897e-01, 6.23370367e-01],
       [1.14970697e-01, 8.76420859e-01],
       [7.51896854e-01, 1.39501523e-01],
       [9.40249668e-01, 9.65397668e-01],
       [9.21953285e-01, 7.15688573e-01],
       [8.32406795e-01, 8.37896113e-01],
       [8.62450898e-01, 5.20919568e-03],
       [9.99077163e-02, 6.56812618e-01],
       [6.29158839e-01, 8.37958356e-01],
       [2.72703528e-01, 8.81029709e-01],
       [5.12309847e-01, 8.61625479e-01],
       [9.74152009e-01, 8.01875316e-01],
       [7.99181534e-01, 1.85935260e-01],
       [9.90128628e-01, 6.75639952e-01],
       [6.24395867e-01, 8.11603153e-01],
       [3.49302283e-01, 9.62511757e-01],
       [8.47000823e-02, 1.69164850e-03],
       [2.26530596e-01, 9.42821400e-01],
       [2.02975481e-02, 9.56741544e-01],
       [2.23441654e-02, 4.96077689e-01],
       [8.58595161e-01, 5.49187398e-01],
       [1.49902341e-01, 1.58719935e-01],
       [2.71261365e-01, 7.50619887e-01],
       [4.19796508e-01, 3.08004905e-02],
       [2.81144396e-01, 1.95004178e-01],
       [2.68482296e-01, 1.16467837e-01],
       [9.19892792e-01, 7.50886068e-01],
       [8.62850088e-01, 4.40898760e-01],
       [8.09262790e-01, 9.03920556e-01],
       [6.30842108e-01, 8.43097741e-02],
       [5.67951052e-01, 1.26357726e-01],
       [1.77396259e-01, 9.20623176e-02],
       [2.00184257e-01, 8.63318093e-01],
       [1.97324765e-01, 9.50517940e-01],
       [2.83254157e-02, 5.97718654e-01],
       [2.19595685e-01, 9.94803012e-01],
       [9.29567279e-02, 6.41974779e-01],
       [8.15940309e-01, 6.28197659e-01],
       [7.70938046e-01, 4.94465369e-01],
       [4.52653390e-01, 7.65151562e-01],
       [7.89388139e-01, 3.63662199e-02],
       [1.38771951e-01, 3.42262110e-01],
       [2.59676124e-01, 9.54401481e-02],
       [1.94443265e-01, 1.88080937e-01],
       [9.46031882e-02, 7.62430308e-01],
       [9.41573785e-01, 1.95470776e-01],
       [8.18340219e-01, 8.84391938e-01],
       [6.90793391e-01, 1.38311291e-01],
       [8.70127040e-01, 7.74936068e-01],
       [3.98415033e-01, 1.98223261e-02],
       [4.16353695e-01, 7.76479440e-01],
       [7.01770682e-01, 9.35928554e-02],
       [6.72402957e-01, 9.22931910e-01],
       [3.06337586e-01, 7.64014949e-01],
       [9.11457985e-01, 1.10255515e-01],
       [9.79844828e-01, 6.89582589e-01],
       [4.32188963e-02, 5.15615363e-01],
       [8.47808407e-01, 5.78888265e-01],
       [7.87581005e-01, 6.22011356e-01],
       [1.67539759e-01, 8.69614179e-01],
       [7.28390445e-01, 7.55326869e-01],
       [1.51255943e-01, 3.41989971e-01],
       [6.46325723e-01, 7.06482824e-01],
       [9.30120313e-01, 3.39302742e-01],
       [6.63260861e-02, 3.74847633e-01],
       [2.28310424e-01, 8.32684515e-01],
       [6.88895218e-01, 2.08426888e-01],
       [7.88642944e-01, 4.72537431e-01],
       [9.59519431e-01, 6.41300360e-01],
       [5.60068125e-01, 2.82172479e-02],
       [2.58024561e-03, 3.38290778e-01],
       [4.80217290e-01, 1.05051472e-01],
       [3.18489924e-01, 3.07639518e-01],
       [2.25722099e-01, 6.65407747e-01],
       [4.02720936e-01, 9.08967527e-01],
       [7.44506184e-01, 3.95014589e-01],
       [6.68095518e-01, 7.47511170e-01],
       [8.32374295e-01, 8.76918603e-01],
       [8.00015817e-01, 2.86104803e-01],
       [7.41939849e-02, 6.42286188e-01],
       [2.53720464e-01, 1.95435963e-01],
       [1.49466658e-02, 4.96377777e-01],
       [1.17854833e-01, 3.18235156e-01],
       [9.90025412e-01, 6.87389395e-03],
       [3.02316644e-02, 2.31034069e-01],
       [9.58840146e-01, 4.21919089e-01],
       [5.09954496e-01, 1.90038000e-01],
       [2.73278588e-01, 8.05551589e-01],
       [5.34325856e-01, 2.32228572e-01],
       [3.08391132e-01, 1.41619704e-02],
       [1.12275377e-01, 5.75169052e-01],
       [8.33968726e-01, 9.67922847e-01],
       [2.63780532e-01, 6.68249938e-01],
       [9.30680909e-01, 7.68991328e-01],
       [8.73317176e-01, 3.44611801e-01],
       [7.13462667e-01, 1.05579453e-01],
       [2.02323784e-01, 9.45859609e-01],
       [6.07206790e-01, 1.39463744e-01],
       [2.00699373e-02, 2.15562722e-01],
       [6.82301797e-01, 4.83010792e-02],
       [4.37391826e-02, 4.63240775e-01],
       [3.70279026e-01, 5.28228979e-02],
       [1.57870011e-01, 1.50365726e-01],
       [2.56245001e-01, 9.49162243e-01],
       [9.32983438e-01, 5.30316586e-01],
       [1.92643660e-01, 4.82459381e-01],
       [5.95354462e-01, 1.71754165e-02],
       [8.31150747e-01, 3.20027482e-01],
       [2.99209850e-01, 1.25083044e-01],
       [6.12435790e-01, 2.06076174e-01],
       [7.67644659e-01, 5.88300009e-01],
       [6.83702716e-02, 1.29968436e-01],
       [9.29717274e-01, 2.95086197e-01],
       [4.43177315e-01, 2.34795107e-01],
       [2.83475550e-01, 2.58793683e-01],
       [9.33993604e-01, 3.78036376e-01],
       [4.58531539e-01, 7.32909438e-02],
       [4.09750216e-01, 1.25520488e-01],
       [1.35163677e-01, 7.06678813e-01],
       [6.73981034e-01, 8.13599954e-02],
       [4.79186060e-01, 9.02446967e-01],
       [7.22516178e-01, 3.16012192e-01],
       [9.61712101e-01, 9.55514904e-01],
       [4.54281145e-01, 9.99877574e-01],
       [9.51901501e-01, 4.51932414e-01],
       [5.21908669e-02, 6.88526197e-01],
       [5.06760143e-01, 1.47034543e-01],
       [1.36324329e-02, 9.86009377e-01],
       [3.18714706e-02, 7.49215852e-01],
       [9.15113797e-01, 9.04941725e-01],
       [6.21276747e-01, 4.41884538e-02],
       [2.45001200e-01, 3.43581621e-01],
       [8.11036022e-01, 7.39707076e-01],
       [8.28358765e-01, 1.51914870e-01],
       [3.19327492e-01, 2.92018094e-01],
       [1.48838821e-01, 1.15216876e-01],
       [1.85642203e-01, 7.87195544e-01],
       [8.55589244e-01, 4.58615243e-01],
       [1.76377335e-01, 1.04521895e-01],
       [8.78231886e-01, 3.80845214e-01],
       [1.74253671e-01, 6.27174558e-02],
       [8.70192598e-01, 7.82929687e-01],
       [6.19638440e-01, 3.51128408e-02],
       [8.21452407e-02, 5.38381876e-01],
       [8.78100224e-01, 6.95385343e-01],
       [3.26517708e-01, 2.68938031e-01],
       [9.99404407e-02, 6.52371292e-01],
       [6.42876083e-02, 9.27256814e-01],
       [5.50338718e-01, 2.14552627e-01],
       [1.91092274e-01, 9.09355971e-01],
       [6.80664522e-01, 1.86152923e-01],
       [3.32734001e-02, 1.57766564e-02],
       [9.69808602e-01, 3.56598932e-01],
       [8.41767995e-02, 5.41944888e-01],
       [1.48619138e-01, 9.94435532e-01],
       [9.02710163e-01, 1.15204667e-01],
       [1.84842743e-01, 6.10187775e-01],
       [8.55683762e-01, 8.50615423e-01],
       [8.88491488e-01, 6.34442915e-01],
       [1.32470733e-01, 7.53316642e-01],
       [1.05009078e-01, 6.83802253e-01],
       [7.78503804e-01, 3.87671218e-01],
       [2.83451400e-01, 6.53466712e-01],
       [1.10246082e-01, 6.96427869e-01],
       [9.05457218e-01, 8.25977432e-01],
       [7.20944510e-01, 8.16345826e-02],
       [2.12824070e-01, 4.22990457e-02],
       [9.70495177e-01, 2.49830562e-02],
       [1.30372208e-01, 1.96806173e-01],
       [2.04009290e-01, 5.36148335e-01],
       [2.60753320e-01, 9.95637246e-01],
       [7.04965997e-01, 7.63035494e-01],
       [8.30607283e-01, 5.09320945e-01],
       [4.37915436e-01, 1.67782134e-01],
       [8.17120737e-01, 6.89824583e-01],
       [1.46632803e-03, 9.42572547e-01],
       [7.52755330e-01, 6.25260949e-01],
       [8.87592047e-01, 1.41360632e-02],
       [8.04355084e-01, 9.04663283e-01],
       [8.35450431e-01, 4.73183204e-01],
       [7.90977243e-02, 5.39204204e-01],
       [3.49773253e-01, 9.11616298e-01],
       [9.85316528e-01, 4.65392350e-01],
       [7.34622901e-01, 3.66892729e-02],
       [1.69669535e-01, 8.85358551e-01],
       [9.57719908e-01, 8.08268089e-01],
       [5.32018822e-01, 7.89492270e-01],
       [8.55833623e-01, 3.11329864e-01],
       [2.28689903e-01, 1.12900400e-01],
       [1.86836657e-01, 1.71395779e-01],
       [3.33488083e-01, 1.07094171e-01],
       [7.33170888e-01, 7.32304882e-01],
       [3.74036834e-01, 7.68080825e-01],
       [1.51295740e-01, 1.48300996e-01],
       [2.65680742e-01, 2.60522524e-01],
       [5.75986827e-01, 8.71286167e-02],
       [6.00180253e-01, 7.89230186e-01],
       [1.33401033e-01, 3.40909092e-01],
       [8.74014845e-01, 5.50385495e-01],
       [1.20170279e-04, 7.52692187e-02],
       [9.61389886e-01, 1.34751650e-01],
       [6.64804650e-01, 4.09420790e-02],
       [8.94550080e-01, 4.01693706e-03],
       [6.77054286e-01, 8.66172869e-01],
       [1.32835016e-01, 8.22368144e-01],
       [8.36406583e-01, 1.29148724e-01],
       [5.57923981e-01, 1.80710285e-01],
       [5.60249060e-02, 4.15362536e-01],
       [9.96701888e-01, 4.58069165e-02],
       [8.13913179e-01, 3.73945469e-01],
       [7.21101392e-02, 8.10761724e-01],
       [3.76916605e-01, 7.69552555e-01],
       [9.77839090e-01, 5.99272887e-01],
       [1.54629112e-01, 7.09976891e-01],
       [6.00614562e-01, 9.09110740e-01],
       [8.58967660e-01, 2.86337320e-03],
       [8.82451094e-01, 8.16107092e-01],
       [8.09229777e-01, 6.33508570e-01],
       [1.16754667e-01, 3.46532652e-01],
       [1.70086603e-01, 7.15122340e-02],
       [5.88227494e-02, 2.20068657e-02],
       [3.45724634e-01, 1.76497212e-01],
       [4.13827215e-01, 1.90849181e-01],
       [4.62295222e-01, 1.71224641e-01],
       [6.82136743e-01, 9.43972600e-01],
       [6.49772054e-01, 7.33227492e-01],
       [6.41521601e-01, 7.99611057e-01],
       [6.68066342e-01, 8.96764813e-01],
       [7.03034688e-01, 3.20046741e-01],
       [9.80330137e-01, 5.58463607e-01],
       [7.91174209e-03, 5.15794900e-01],
       [2.93103891e-01, 8.17148369e-01],
       [4.12110028e-01, 8.49445091e-01],
       [5.73070479e-02, 2.47472868e-01],
       [1.30097458e-01, 3.30169662e-01],
       [7.02271640e-01, 7.16970975e-01],
       [4.26974951e-02, 5.09735797e-01],
       [8.70255349e-01, 9.71440891e-01],
       [7.83630810e-02, 3.61931448e-01],
       [9.82476873e-01, 5.91745114e-01],
       [2.72070421e-01, 6.27924090e-01],
       [6.19978414e-01, 9.44970592e-01],
       [4.56899488e-01, 8.80104030e-01],
       [6.96858497e-01, 9.47186938e-02],
       [8.41006986e-01, 4.87472053e-01],
       [8.09959757e-04, 4.57141063e-01],
       [3.34982019e-01, 7.54504088e-01],
       [9.05820885e-01, 9.49458451e-01],
       [3.47338288e-01, 9.15281149e-01],
       [2.58350418e-01, 8.77095800e-01],
       [8.98213310e-01, 6.42296417e-01],
       [5.83589388e-01, 1.61469804e-01],
       [7.37532794e-01, 1.93920741e-01],
       [8.69320132e-01, 7.09388070e-01],
       [6.62628077e-01, 2.51862434e-02],
       [7.25901001e-03, 5.03176787e-01],
       [7.09207804e-01, 8.24519400e-01],
       [9.68930673e-01, 9.62275911e-01],
       [2.04790212e-01, 3.83267066e-01],
       [9.97965558e-01, 9.20912895e-01],
       [2.18901698e-01, 9.67692866e-01],
       [7.56388451e-01, 3.70385754e-01],
       [3.54330724e-01, 1.35108750e-02],
       [8.30291620e-01, 6.35173825e-01],
       [7.73004887e-01, 4.75013758e-01],
       [2.71607234e-01, 3.70989142e-01],
       [7.66607229e-01, 9.40330066e-01],
       [1.74831534e-01, 5.72935828e-01],
       [8.05056632e-01, 8.41820983e-01],
       [1.80587564e-02, 2.43934454e-01],
       [5.91249023e-01, 2.56449937e-01],
       [8.20167701e-01, 3.28131350e-01],
       [5.84525560e-02, 3.08693117e-01],
       [3.89944147e-01, 7.25025599e-01],
       [1.25673192e-01, 3.49793050e-01],
       [4.96011645e-02, 3.48919687e-01],
       [7.95522673e-01, 6.24852783e-01],
       [7.08294657e-01, 6.68799778e-01],
       [7.65920474e-01, 4.31690025e-01],
       [4.60203100e-02, 3.52430132e-01],
       [6.69411882e-01, 2.57380247e-01],
       [8.65506218e-01, 7.30963984e-02],
       [8.38158413e-01, 1.11153013e-01],
       [9.16629092e-01, 3.90501785e-01],
       [8.91530838e-01, 6.36639329e-01],
       [8.82460933e-02, 7.25217199e-01],
       [9.41989956e-01, 8.63620826e-01],
       [7.44632346e-01, 1.82759475e-01],
       [5.57725120e-01, 9.31256286e-01],
       [1.86649824e-01, 3.28768955e-01],
       [9.49473681e-01, 2.76301616e-01],
       [6.96883247e-01, 6.10345427e-02],
       [9.62811702e-01, 6.76846884e-01],
       [5.86015317e-01, 2.42476773e-02],
       [2.16874748e-01, 1.33364600e-01],
       [6.82466576e-01, 1.65684888e-01],
       [8.52254663e-01, 5.69646346e-01],
       [9.54656760e-01, 8.77995515e-01],
       [7.79980105e-04, 4.52126155e-01],
       [7.45627393e-01, 2.95488671e-01],
       [3.81212855e-01, 7.83995280e-01],
       [8.60203622e-01, 9.39651854e-01],
       [2.22417901e-01, 6.41064165e-01],
       [9.06898025e-02, 3.22683916e-01],
       [9.95280842e-01, 3.49083869e-01],
       [9.78616550e-01, 5.95771808e-01],
       [1.80061744e-01, 8.54695073e-01],
       [2.07216376e-01, 3.01903285e-01],
       [5.62149293e-01, 7.97810668e-01],
       [5.69482091e-01, 7.61728347e-01],
       [5.77542303e-01, 8.44480174e-01],
       [9.82028474e-01, 1.87134794e-01],
       [1.76822758e-01, 4.04318285e-01],
       [9.72052297e-01, 8.33930038e-01],
       [8.81371674e-03, 4.38056363e-01],
       [2.10972376e-01, 1.32483005e-01],
       [9.65833513e-01, 2.07032337e-01],
       [2.42989542e-01, 2.25765435e-01],
       [2.37511044e-01, 5.78524467e-01],
       [3.72102202e-01, 7.42124089e-01],
       [1.60656378e-01, 4.96509314e-01],
       [2.40896567e-01, 9.89319901e-01],
       [8.99966580e-01, 3.01178454e-01],
       [8.45395071e-01, 1.96649872e-01],
       [7.09805337e-01, 3.02815232e-01],
       [7.40730607e-01, 9.96660104e-01],
       [8.83976174e-01, 6.75948265e-02],
       [7.05896539e-01, 7.25837221e-01],
       [7.67614343e-02, 4.17030937e-01],
       [8.47378791e-01, 2.77214350e-01],
       [9.79612130e-01, 6.72518452e-01],
       [2.26458398e-01, 2.09829007e-01],
       [4.78582911e-01, 8.50051434e-01],
       [2.87665525e-01, 6.75195650e-01],
       [5.45659032e-02, 2.70514175e-01],
       [1.70933962e-01, 3.74489430e-01],
       [1.53222071e-01, 3.80669784e-01],
       [1.77185214e-01, 7.96612282e-01],
       [5.82020437e-01, 9.48543944e-01],
       [3.68952199e-01, 2.46773984e-01],
       [7.46969330e-02, 7.07809665e-01],
       [2.44096107e-01, 4.75903039e-01],
       [9.73428876e-01, 8.37246237e-01],
       [4.31446014e-02, 5.53305698e-01],
       [8.02745203e-01, 9.45760782e-01],
       [2.62605431e-01, 4.16679971e-01],
       [1.41765517e-01, 6.90025129e-01],
       [3.17505464e-01, 2.31276951e-01],
       [1.94188638e-02, 1.95964124e-01],
       [9.68494001e-01, 3.77017515e-01],
       [3.51984667e-02, 8.24814992e-01],
       [7.14271021e-01, 9.80181714e-01],
       [9.62887433e-01, 8.72518648e-01],
       [7.91422701e-01, 7.40576593e-01],
       [3.08937856e-01, 7.05396774e-01],
       [2.31380040e-01, 5.61002584e-01],
       [8.11970074e-01, 8.66847910e-01],
       [7.82719045e-01, 6.05538833e-01],
       [6.98197817e-01, 6.52935063e-01],
       [7.02169692e-01, 8.25394042e-01],
       [3.60483598e-01, 9.43513768e-01],
       [9.99323713e-01, 3.34177146e-01],
       [1.21041369e-02, 7.82937726e-01],
       [8.66984601e-01, 1.66220617e-01],
       [2.32106393e-01, 9.32051387e-01],
       [8.00646270e-01, 9.39035747e-02],
       [7.75044720e-01, 9.94901584e-01],
       [5.11716659e-01, 2.48114985e-02],
       [5.94341425e-01, 2.12802855e-01],
       [8.44150777e-01, 2.76495336e-01],
       [2.75463110e-01, 2.33236737e-01],
       [2.25723081e-01, 4.42970386e-01],
       [9.26785728e-01, 5.63278948e-02],
       [1.19763316e-01, 1.77719340e-01],
       [2.91283959e-01, 2.91341965e-01],
       [4.01293027e-01, 9.12312337e-01],
       [1.38201544e-01, 5.75368367e-01],
       [2.17864624e-01, 8.22855490e-01],
       [9.89668795e-01, 5.90577086e-01],
       [7.76082785e-01, 6.53079612e-01],
       [4.75512750e-01, 1.23567684e-01],
       [6.51818437e-01, 7.14221609e-01],
       [7.40653579e-01, 6.63979739e-01],
       [6.78269356e-02, 2.98069110e-01],
       [5.63584167e-02, 4.59018748e-01],
       [1.69676073e-01, 6.03437602e-01],
       [6.94599278e-01, 7.96494822e-01],
       [2.19739627e-01, 2.64636731e-01],
       [8.40672729e-01, 3.28429890e-01],
       [3.37379675e-01, 9.19007276e-01],
       [4.70111311e-02, 7.80614248e-02],
       [1.14954538e-01, 3.40943101e-01],
       [2.82559490e-01, 7.72694774e-01],
       [1.29319615e-01, 3.20158086e-01],
       [8.43069401e-01, 4.59499554e-01],
       [6.04609818e-01, 9.08067046e-01],
       [8.37674996e-01, 9.96967966e-01],
       [2.12806637e-01, 1.61581213e-01],
       [4.24027611e-01, 1.84087148e-01],
       [9.18481700e-03, 4.91678023e-01],
       [1.57875757e-03, 2.94744228e-01],
       [4.82849709e-01, 8.36253457e-01],
       [6.57649574e-01, 7.38398357e-01],
       [5.12662358e-01, 1.24540259e-02],
       [1.71599984e-01, 8.58092861e-01],
       [8.46838908e-02, 1.75436083e-01],
       [6.06448935e-01, 2.59864560e-02],
       [4.89143213e-01, 8.67933052e-01],
       [8.68843257e-01, 5.81470897e-01],
       [9.77358901e-02, 3.99947984e-01],
       [1.79760072e-01, 3.86557236e-01],
       [2.42583449e-01, 7.78017659e-01],
       [7.87592316e-01, 8.10567597e-01],
       [4.63261230e-01, 8.60841524e-01],
       [4.15630169e-01, 2.60266065e-01],
       [1.93393621e-01, 3.88420137e-02],
       [7.55784172e-01, 8.22613226e-01],
       [3.22802573e-01, 2.74905248e-01],
       [1.51318668e-01, 7.05233487e-01],
       [2.58216122e-01, 5.94283416e-01],
       [7.27875162e-01, 2.30276743e-01],
       [8.93606947e-01, 4.61301871e-01],
       [7.43266105e-01, 6.67886695e-01],
       [1.52538162e-02, 4.87039866e-02],
       [7.36499042e-01, 3.69495953e-01],
       [5.01650868e-01, 1.66988874e-01],
       [2.66765737e-01, 1.53333688e-01],
       [6.54322387e-01, 3.68811399e-02],
       [6.53152936e-01, 9.16824219e-01],
       [1.19027585e-01, 3.20341948e-01],
       [6.29256306e-02, 4.08007166e-01],
       [8.44703421e-01, 8.23560470e-02],
       [1.52359322e-01, 2.91653074e-01],
       [9.24722194e-02, 7.55128243e-01],
       [6.20547691e-01, 2.75194247e-02],
       [6.46133631e-01, 1.76244197e-01],
       [2.12022227e-01, 7.54937841e-01],
       [6.01379434e-01, 8.64924718e-01],
       [4.59292210e-01, 9.06107475e-01],
       [7.68046807e-01, 8.48817389e-02],
       [5.52841685e-01, 1.81348298e-02],
       [5.79948576e-01, 9.97031618e-01],
       [6.68500065e-02, 4.69946733e-01],
       [9.77706130e-01, 7.90726498e-01],
       [4.38827883e-02, 7.33525761e-01],
       [8.95771018e-02, 7.36458492e-01],
       [8.82375311e-01, 5.56119168e-01],
       [9.96475878e-01, 1.26600233e-01],
       [8.63175393e-01, 8.24081252e-01],
       [1.03167272e-01, 8.28822011e-01],
       [6.44756397e-01, 8.10550062e-01],
       [2.24191835e-01, 7.47636480e-01],
       [8.69805950e-02, 5.02890507e-02],
       [2.84031280e-01, 9.05330484e-01],
       [9.72362610e-02, 6.11724145e-01],
       [6.60502350e-01, 1.16571993e-01],
       [7.80207356e-01, 6.91724665e-01],
       [5.57579431e-01, 9.55009499e-01],
       [4.67136637e-01, 7.73478284e-01],
       [1.12490766e-01, 1.75200669e-01],
       [8.12857447e-01, 9.85153481e-01],
       [2.42610608e-01, 5.91287650e-01],
       [1.67406210e-01, 2.98960885e-01],
       [8.96495568e-01, 9.77772382e-01],
       [8.36592050e-01, 8.62007589e-01],
       [2.71994686e-01, 9.40123882e-01],
       [4.63432047e-01, 8.49559532e-01],
       [1.91737439e-01, 3.47928945e-01],
       [1.33220090e-01, 8.98360499e-01],
       [4.08310860e-01, 1.08182135e-01],
       [4.46888536e-02, 3.51788780e-01],
       [2.53696905e-01, 3.69083992e-01],
       [1.36013142e-01, 4.91987205e-01],
       [3.17008053e-01, 7.97139778e-01],
       [8.06509998e-01, 6.37413998e-01],
       [6.92868260e-01, 7.57509066e-01],
       [2.71527129e-01, 6.81896802e-01],
       [6.06775247e-01, 8.48456489e-02],
       [1.78481873e-01, 6.74878119e-01],
       [8.59029134e-01, 9.03463695e-01],
       [9.25064395e-01, 9.98615858e-01],
       [9.03037110e-01, 3.10906767e-01],
       [1.50339649e-01, 4.96792995e-01],
       [1.69705829e-01, 1.13691607e-01],
       [8.16128011e-01, 9.39833538e-01],
       [9.15575079e-01, 4.80105781e-02],
       [7.50427511e-01, 4.70353684e-01],
       [2.71529824e-01, 1.27347682e-01],
       [1.85922783e-01, 2.93911060e-01],
       [4.42396918e-01, 8.49711992e-01],
       [8.51475673e-01, 8.75920103e-02],
       [1.29713791e-01, 1.05370572e-01],
       [8.96917505e-01, 9.23156012e-01],
       [2.99165089e-01, 2.02681272e-01],
       [2.22116756e-01, 7.43387743e-01],
       [3.40643376e-01, 9.98899765e-01],
       [4.13491785e-01, 1.21484182e-02],
       [4.16800464e-02, 1.31815902e-01],
       [4.97888342e-01, 5.92034091e-02],
       [4.06837995e-01, 2.28198544e-01],
       [7.42391356e-01, 6.07847854e-01],
       [3.40913925e-01, 7.03242645e-01],
       [5.76731952e-01, 8.76812627e-01],
       [2.56055934e-01, 1.10632971e-02],
       [8.83160004e-02, 6.43809689e-01],
       [7.55908907e-01, 7.49865239e-01],
       [8.43402875e-01, 8.19303695e-01],
       [7.22146040e-01, 2.35927098e-01],
       [6.65569984e-01, 8.78566682e-01],
       [3.52956439e-01, 9.85530674e-01],
       [1.42884410e-01, 9.23974044e-01],
       [7.12053056e-01, 6.42831379e-01],
       [7.98948819e-01, 8.64137692e-01],
       [1.39928832e-02, 6.66466486e-01],
       [9.12499798e-01, 6.48102330e-01],
       [3.17192872e-01, 2.09483610e-01],
       [4.25708488e-01, 9.91067256e-02],
       [2.40611115e-01, 2.67685320e-01],
       [2.41498246e-01, 1.03767476e-01],
       [5.83853752e-02, 7.92390192e-01],
       [5.22185135e-01, 9.50568615e-01],
       [6.87692248e-01, 3.16757385e-01],
       [4.51022123e-01, 1.22232370e-01],
       [8.69767563e-01, 2.05829403e-01],
       [6.72756406e-01, 9.72616279e-01],
       [4.28990314e-01, 7.60776554e-01],
       [6.85596725e-01, 9.95992673e-01],
       [9.50696783e-01, 7.08390337e-01],
       [8.77625538e-01, 6.74159695e-01],
       [1.16806879e-01, 4.24809628e-01],
       [8.89275614e-01, 6.87374011e-01],
       [2.72146682e-01, 8.20856205e-01],
       [9.93000654e-01, 8.72942250e-01],
       [1.70591807e-01, 8.23768970e-01],
       [6.71639659e-01, 9.31261754e-01],
       [7.61694723e-01, 2.37262807e-01],
       [8.78862622e-01, 3.10967078e-01],
       [2.87942243e-01, 1.37514911e-01],
       [8.04309180e-02, 4.84351359e-01],
       [9.50823246e-01, 6.96003088e-01],
       [1.23598706e-01, 3.63974306e-01],
       [1.85952072e-01, 8.21311294e-01],
       [7.34790342e-01, 1.59041069e-01],
       [7.93054630e-01, 6.02458086e-03],
       [1.06344687e-01, 6.94525774e-01],
       [9.32375792e-02, 4.00677219e-01],
       [1.75404410e-01, 8.82095212e-01],
       [9.97639155e-01, 5.19367310e-01],
       [2.03392799e-01, 7.45096115e-01],
       [5.17225643e-01, 9.60226710e-01],
       [8.95630567e-01, 8.77840096e-01],
       [5.21122237e-01, 9.67956066e-01],
       [9.20762504e-01, 9.00183848e-01],
       [7.83066929e-01, 3.92608892e-01],
       [9.26462838e-01, 7.05190206e-02],
       [6.06342562e-01, 8.43160347e-02],
       [9.80796458e-01, 4.51995947e-01],
       [9.15690196e-01, 4.70848295e-01],
       [4.71131141e-02, 9.05188191e-01],
       [4.07902280e-01, 6.40948982e-02],
       [1.65354568e-01, 1.38045101e-01],
       [5.48752852e-01, 4.57904877e-02],
       [6.66297390e-01, 1.39642878e-01],
       [5.16886788e-01, 2.39533592e-01],
       [9.89246826e-01, 2.03372271e-01],
       [2.72169379e-01, 7.96753193e-01],
       [8.16812727e-01, 4.82757719e-01],
       [7.15612835e-01, 9.28809013e-01],
       [4.65884940e-01, 2.10294325e-01],
       [7.43981377e-01, 1.00412317e-01],
       [8.83311128e-01, 7.76390507e-01],
       [8.44657419e-01, 4.01089598e-01],
       [4.22499333e-01, 4.89871827e-01],
       [5.93986986e-01, 6.32044297e-01],
       [5.64471228e-01, 6.88181077e-01],
       [7.16230595e-01, 5.78332456e-01],
       [6.28830625e-01, 3.89855622e-01],
       [5.69127595e-01, 6.53923833e-01],
       [6.60517775e-01, 6.78414610e-01],
       [4.74219745e-01, 4.68286652e-01],
       [2.62748747e-01, 5.73056556e-01],
       [4.92699630e-01, 6.77110526e-01],
       [5.80879948e-01, 6.23932017e-01],
       [3.92482002e-01, 3.82900310e-01],
       [6.28897208e-01, 5.76017490e-01],
       [6.75669228e-01, 5.54970278e-01],
       [6.63574282e-01, 4.46804366e-01],
       [5.05371244e-01, 4.53736637e-01],
       [6.23201221e-01, 3.66844355e-01],
       [5.72910142e-01, 4.18959181e-01],
       [4.45880759e-01, 2.74903349e-01],
       [3.32717867e-01, 6.47608958e-01],
       [2.68275067e-01, 5.03582329e-01],
       [4.15503177e-01, 5.95423140e-01],
       [3.84309362e-01, 4.58475958e-01],
       [4.62128048e-01, 6.73238749e-01],
       [5.61142470e-01, 5.23228949e-01],
       [3.85071895e-01, 4.53908727e-01],
       [3.84241228e-01, 5.66860668e-01],
       [7.23062122e-01, 5.89147213e-01],
       [3.21383384e-01, 6.19021987e-01],
       [4.22966550e-01, 3.25466040e-01],
       [6.67805563e-01, 5.93712055e-01],
       [3.14454305e-01, 5.43521762e-01],
       [6.92126956e-01, 5.15650167e-01],
       [6.44278451e-01, 5.20700031e-01],
       [6.06380176e-01, 4.90205172e-01],
       [5.25990080e-01, 6.11822159e-01],
       [7.16717962e-01, 5.72296260e-01],
       [6.26189875e-01, 3.84931970e-01],
       [4.46303195e-01, 7.41076103e-01],
       [7.16638204e-01, 6.09584865e-01],
       [2.97793514e-01, 6.34612897e-01],
       [7.43877918e-01, 4.80426396e-01],
       [4.89990374e-01, 4.43487662e-01],
       [6.70411788e-01, 5.82550823e-01],
       [7.28110078e-01, 4.95651739e-01],
       [3.77959741e-01, 6.95611968e-01],
       [4.07173833e-01, 5.32383279e-01],
       [4.82766860e-01, 5.87550331e-01],
       [4.61392392e-01, 5.52769335e-01],
       [3.75560829e-01, 2.85795938e-01],
       [3.06538487e-01, 5.53207276e-01],
       [3.68871759e-01, 4.21257847e-01],
       [5.46399082e-01, 4.31832640e-01],
       [3.89147647e-01, 5.38292747e-01],
       [3.66502794e-01, 3.64959046e-01],
       [4.40615313e-01, 6.41669072e-01],
       [3.45445292e-01, 3.44874352e-01],
       [3.47205782e-01, 3.11720501e-01],
       [6.77518804e-01, 3.76411429e-01],
       [3.54892130e-01, 3.33579574e-01],
       [3.59143893e-01, 4.29149937e-01],
       [5.95375409e-01, 6.10330790e-01],
       [6.26988264e-01, 6.89821045e-01],
       [6.24566164e-01, 3.32615810e-01],
       [6.21172629e-01, 4.48379909e-01],
       [5.95587831e-01, 7.27318077e-01],
       [5.33588606e-01, 6.27595031e-01],
       [5.73865127e-01, 4.72826713e-01],
       [5.28646455e-01, 5.05211265e-01],
       [6.12259118e-01, 6.69750035e-01],
       [4.81638655e-01, 6.28576740e-01],
       [3.91310214e-01, 3.77300534e-01],
       [6.08454647e-01, 2.78774531e-01],
       [5.06912004e-01, 5.62335357e-01],
       [3.17855835e-01, 3.73844162e-01],
       [5.44353742e-01, 2.57288935e-01],
       [3.83696859e-01, 6.97045198e-01],
       [3.94267606e-01, 3.91511141e-01],
       [4.33473484e-01, 6.11959423e-01],
       [4.16735035e-01, 3.25339691e-01],
       [5.82288236e-01, 5.98662510e-01],
       [3.65709773e-01, 5.26911259e-01],
       [3.40814934e-01, 5.85648024e-01],
       [7.27653143e-01, 4.31191317e-01],
       [4.96987934e-01, 7.11963590e-01],
       [6.88980529e-01, 4.89568279e-01],
       [3.98937487e-01, 3.64091360e-01],
       [5.42000256e-01, 3.21879970e-01],
       [6.76555157e-01, 6.49866768e-01],
       [6.39204105e-01, 3.35127469e-01],
       [4.94141177e-01, 5.89366091e-01],
       [2.89285800e-01, 6.32377174e-01],
       [5.57615174e-01, 5.58407795e-01],
       [4.06798943e-01, 2.79253261e-01],
       [4.28397807e-01, 6.65161874e-01],
       [3.03276915e-01, 3.86985551e-01],
       [3.73884224e-01, 5.89449411e-01],
       [4.10380131e-01, 3.95087101e-01],
       [3.47252525e-01, 4.85791973e-01],
       [5.19560527e-01, 3.61873374e-01],
       [5.41631516e-01, 7.14153495e-01],
       [3.84118611e-01, 5.56207569e-01],
       [5.67493682e-01, 4.64811236e-01],
       [4.41075547e-01, 3.82674427e-01],
       [3.84051419e-01, 4.18550817e-01],
       [5.53267733e-01, 3.91229580e-01],
       [3.99867275e-01, 3.17150567e-01],
       [5.79807594e-01, 6.05956236e-01],
       [4.03006267e-01, 3.65431115e-01],
       [6.07233330e-01, 5.48295080e-01],
       [4.21125677e-01, 2.90821242e-01],
       [3.99244512e-01, 5.44617572e-01],
       [3.31541932e-01, 5.38707256e-01],
       [4.17190337e-01, 5.78642295e-01],
       [5.80954124e-01, 2.94951206e-01],
       [3.56912818e-01, 3.59424139e-01],
       [5.57300846e-01, 7.01560155e-01],
       [5.55411321e-01, 6.27583952e-01],
       [5.86664401e-01, 5.76123383e-01],
       [4.71081114e-01, 6.99585965e-01],
       [4.42953178e-01, 6.68545538e-01],
       [3.33661153e-01, 5.85039944e-01],
       [6.18596834e-01, 4.96426925e-01],
       [4.85888409e-01, 3.69459540e-01],
       [6.64775171e-01, 6.15549475e-01],
       [5.74994433e-01, 4.68747987e-01],
       [3.41047131e-01, 6.29613679e-01],
       [3.47320785e-01, 6.33490920e-01],
       [3.83037661e-01, 3.52258324e-01],
       [6.17002678e-01, 6.90292926e-01],
       [6.41352510e-01, 5.68458498e-01],
       [2.80978150e-01, 5.02938984e-01],
       [4.79908871e-01, 5.82285754e-01],
       [2.95538237e-01, 5.72466834e-01],
       [4.19123853e-01, 4.55048557e-01],
       [4.46612463e-01, 3.85403681e-01],
       [6.06423728e-01, 6.13191964e-01],
       [5.94961173e-01, 6.37392423e-01],
       [4.67616400e-01, 3.35967704e-01],
       [5.30404424e-01, 4.97789599e-01],
       [4.87899394e-01, 6.37954140e-01],
       [3.81995778e-01, 5.48064430e-01],
       [6.11800498e-01, 4.61433750e-01],
       [4.07825575e-01, 5.00527740e-01],
       [3.03601689e-01, 4.09184557e-01],
       [5.38218198e-01, 5.84536411e-01],
       [4.01724822e-01, 2.72735698e-01],
       [4.34957121e-01, 6.46743560e-01],
       [6.42104749e-01, 5.28063696e-01],
       [2.55657945e-01, 4.81184459e-01],
       [5.19140499e-01, 6.12028183e-01],
       [6.07346162e-01, 5.07130716e-01],
       [7.27089627e-01, 6.02125799e-01],
       [3.92833033e-01, 4.96915506e-01],
       [4.99825035e-01, 7.04599477e-01],
       [6.01095642e-01, 4.01873257e-01],
       [2.96547247e-01, 6.41364607e-01],
       [4.86187574e-01, 6.75176035e-01],
       [7.27104421e-01, 5.63548384e-01],
       [4.14248214e-01, 2.86815424e-01],
       [4.46667929e-01, 3.42137351e-01],
       [3.04135199e-01, 3.70673185e-01],
       [4.20570987e-01, 4.90707095e-01],
       [5.94599660e-01, 3.87939210e-01],
       [6.25844970e-01, 6.46458744e-01],
       [6.20513705e-01, 4.48142967e-01],
       [2.61361080e-01, 4.67625875e-01],
       [2.55811544e-01, 5.05631061e-01],
       [5.86280159e-01, 4.73933024e-01],
       [4.12732783e-01, 2.65848116e-01],
       [4.34125735e-01, 4.69522706e-01],
       [6.11983758e-01, 4.67624379e-01],
       [5.04616626e-01, 6.74796460e-01],
       [6.09621541e-01, 3.91651721e-01],
       [5.66249196e-01, 3.17732518e-01],
       [4.42920830e-01, 4.03329557e-01],
       [4.63617616e-01, 4.48435853e-01],
       [6.70650315e-01, 4.02969507e-01],
       [2.73639551e-01, 5.40797858e-01],
       [4.84184308e-01, 3.59266581e-01],
       [3.58256996e-01, 5.68584413e-01],
       [3.10226258e-01, 6.19566212e-01],
       [4.56293793e-01, 4.17464299e-01],
       [4.34642602e-01, 2.79932048e-01],
       [6.34414232e-01, 3.86331502e-01],
       [5.57384215e-01, 3.94727008e-01],
       [4.08695168e-01, 2.72026082e-01],
       [4.83063978e-01, 3.76806354e-01],
       [7.42873892e-01, 4.65096965e-01],
       [5.84406625e-01, 6.06221325e-01],
       [5.58576838e-01, 4.61414219e-01],
       [3.44653770e-01, 5.21352856e-01],
       [6.17999157e-01, 4.33445356e-01],
       [6.64025683e-01, 5.63834981e-01],
       [3.91849290e-01, 2.87814278e-01],
       [4.73141417e-01, 4.19455515e-01],
       [6.56190807e-01, 5.67867299e-01],
       [6.81402355e-01, 6.39613670e-01],
       [6.44957717e-01, 6.19633035e-01],
       [3.98478896e-01, 5.70306035e-01],
       [2.51777234e-01, 5.02598285e-01],
       [3.18146294e-01, 5.25365635e-01],
       [2.94486030e-01, 6.39791510e-01],
       [7.48421287e-01, 4.95510789e-01],
       [2.99677772e-01, 5.58432515e-01],
       [3.08906372e-01, 5.78220658e-01],
       [2.98397352e-01, 5.91544139e-01],
       [5.67621602e-01, 3.53769134e-01],
       [7.11472924e-01, 4.69341209e-01],
       [5.85735981e-01, 4.15135459e-01],
       [3.63167556e-01, 4.97926765e-01],
       [3.61647099e-01, 3.76867580e-01],
       [6.89933264e-01, 5.98242135e-01],
       [5.78862301e-01, 7.08592733e-01],
       [3.17141504e-01, 6.53925138e-01],
       [5.79535653e-01, 4.38768148e-01],
       [4.00036626e-01, 6.78309275e-01],
       [5.98907535e-01, 3.95093778e-01],
       [4.25784638e-01, 5.78322093e-01],
       [3.60804915e-01, 4.84816238e-01],
       [6.11744140e-01, 5.83083589e-01],
       [6.37032414e-01, 5.42534098e-01],
       [6.15687606e-01, 4.93093014e-01],
       [3.71451489e-01, 6.71837150e-01],
       [6.15211969e-01, 2.91762263e-01],
       [5.44408771e-01, 4.09009185e-01],
       [3.39270983e-01, 5.89350696e-01],
       [5.67919957e-01, 3.48486079e-01],
       [5.13957913e-01, 4.10885867e-01],
       [3.14905480e-01, 6.16290662e-01],
       [2.74174617e-01, 5.74920767e-01],
       [4.50095659e-01, 3.31390097e-01],
       [5.69672961e-01, 3.82245654e-01],
       [3.06973816e-01, 4.04245344e-01],
       [3.17244663e-01, 5.79984874e-01],
       [6.22750614e-01, 4.65143308e-01],
       [4.08733267e-01, 5.33122514e-01],
       [5.95819886e-01, 6.78804938e-01],
       [4.07005328e-01, 2.82392995e-01],
       [5.91362308e-01, 3.11986379e-01],
       [3.25942969e-01, 3.76425855e-01],
       [2.72686059e-01, 4.66507879e-01],
       [3.96350872e-01, 5.59630160e-01],
       [6.63979794e-01, 6.62074762e-01],
       [5.89707522e-01, 6.99943205e-01],
       [5.29699623e-01, 7.37019142e-01],
       [3.36810333e-01, 6.25481774e-01],
       [5.71971264e-01, 5.58324463e-01],
       [4.71035862e-01, 6.18200088e-01],
       [6.53289746e-01, 3.97032952e-01],
       [3.12399155e-01, 6.64114278e-01],
       [6.32013512e-01, 3.12601442e-01],
       [3.52962579e-01, 5.26962085e-01],
       [7.16125011e-01, 4.23384284e-01],
       [6.45183681e-01, 4.21821259e-01],
       [6.29333481e-01, 3.94537652e-01],
       [6.25792869e-01, 3.50483329e-01],
       [6.75328768e-01, 5.68071638e-01],
       [3.86103141e-01, 3.69832056e-01],
       [3.79632358e-01, 4.77324490e-01],
       [6.79736603e-01, 5.43655905e-01],
       [5.65825651e-01, 3.10409887e-01],
       [7.16405052e-01, 5.74293114e-01],
       [4.20559829e-01, 4.15858009e-01],
       [3.79495227e-01, 5.54356753e-01],
       [3.20676762e-01, 4.19008731e-01],
       [3.99445498e-01, 4.23946975e-01],
       [4.55057030e-01, 5.26664561e-01],
       [6.99809621e-01, 3.88672357e-01],
       [4.58970483e-01, 4.81761871e-01],
       [6.15643466e-01, 7.09567607e-01],
       [5.65582253e-01, 4.40402142e-01],
       [6.25461153e-01, 4.93539127e-01],
       [5.02954967e-01, 3.78451036e-01],
       [3.23370783e-01, 5.72814405e-01],
       [5.51783915e-01, 5.24162716e-01],
       [7.44305727e-01, 5.49485055e-01],
       [5.05928513e-01, 3.01355918e-01],
       [6.44219533e-01, 6.14417354e-01],
       [6.23263187e-01, 3.31040981e-01],
       [5.84054504e-01, 3.79425324e-01],
       [4.53174279e-01, 5.62937526e-01],
       [5.72807202e-01, 5.46750562e-01],
       [2.78167826e-01, 5.68017010e-01],
       [4.89214992e-01, 4.05634863e-01],
       [4.84037380e-01, 4.52818467e-01],
       [5.51227585e-01, 4.39742414e-01],
       [6.86379656e-01, 4.18547377e-01],
       [5.07623996e-01, 6.67378085e-01],
       [3.57060339e-01, 3.48053460e-01],
       [3.78188519e-01, 5.55817239e-01],
       [3.76417011e-01, 5.29813187e-01],
       [5.77804602e-01, 3.93269903e-01],
       [6.41054887e-01, 4.35871202e-01],
       [4.23840213e-01, 3.69681488e-01],
       [6.09274711e-01, 3.67526701e-01],
       [6.28947426e-01, 6.60357729e-01],
       [7.15004239e-01, 5.67413946e-01],
       [2.64405109e-01, 5.25636188e-01],
       [4.46111202e-01, 6.67140476e-01],
       [5.86558578e-01, 7.22359069e-01],
       [4.97937454e-01, 6.46495046e-01],
       [4.21120808e-01, 3.64605888e-01],
       [3.75551966e-01, 7.16189510e-01],
       [4.64026411e-01, 3.79364443e-01],
       [4.45473824e-01, 3.38106737e-01],
       [3.89780626e-01, 7.13551524e-01],
       [3.62425671e-01, 6.31010700e-01],
       [4.96862204e-01, 5.78294108e-01],
       [3.52821123e-01, 4.94880251e-01],
       [5.01378081e-01, 5.71575827e-01],
       [5.45177060e-01, 4.91085044e-01],
       [6.77077533e-01, 3.27839069e-01],
       [4.81131583e-01, 3.99329769e-01],
       [4.85595451e-01, 7.30785857e-01],
       [6.43735873e-01, 3.02198990e-01],
       [5.18937952e-01, 3.45218241e-01],
       [6.78608855e-01, 4.92802654e-01],
       [2.75115602e-01, 5.40405543e-01],
       [4.08363601e-01, 4.50515975e-01],
       [6.51636867e-01, 6.94702391e-01],
       [4.99048693e-01, 6.05519104e-01],
       [5.58199792e-01, 6.73963851e-01],
       [4.26275188e-01, 4.07638702e-01],
       [4.75917478e-01, 5.59152292e-01],
       [6.69110104e-01, 6.10266664e-01],
       [5.32871616e-01, 5.63684329e-01],
       [4.38036477e-01, 3.42658413e-01],
       [3.58313705e-01, 2.94743237e-01],
       [3.65864323e-01, 4.80620598e-01],
       [4.73428160e-01, 5.28824581e-01],
       [2.86412883e-01, 4.15942070e-01],
       [4.19311699e-01, 4.11396970e-01],
       [4.48162917e-01, 3.24824125e-01],
       [3.52791205e-01, 4.57694088e-01],
       [3.50834456e-01, 6.68979876e-01],
       [3.43384052e-01, 5.76504627e-01],
       [3.10386911e-01, 3.42169589e-01],
       [6.40417490e-01, 3.40381144e-01],
       [6.86393619e-01, 6.29356148e-01],
       [6.31616599e-01, 7.03515740e-01],
       [3.74205999e-01, 5.67035394e-01],
       [3.16897064e-01, 6.55317154e-01],
       [4.99220268e-01, 5.84269164e-01],
       [4.59738187e-01, 5.51174054e-01],
       [6.24502758e-01, 2.94215914e-01],
       [6.14759006e-01, 5.77075134e-01],
       [3.49399695e-01, 5.34652202e-01],
       [3.74664941e-01, 2.84117467e-01],
       [3.17372353e-01, 6.60143834e-01],
       [5.27731590e-01, 2.65922888e-01],
       [4.87350879e-01, 7.31540054e-01],
       [4.33261692e-01, 4.01207055e-01],
       [4.34947651e-01, 5.61723285e-01],
       [7.04233934e-01, 5.46402072e-01],
       [4.11977327e-01, 7.16839031e-01],
       [5.73609968e-01, 5.63458514e-01],
       [6.30295002e-01, 6.78449885e-01],
       [4.13762584e-01, 3.98318871e-01],
       [6.36030546e-01, 4.40987972e-01],
       [4.50007683e-01, 7.34806142e-01],
       [6.61370522e-01, 4.18559635e-01],
       [6.36846236e-01, 3.73393826e-01],
       [4.11129419e-01, 3.29351207e-01],
       [5.27129654e-01, 5.61117552e-01],
       [2.87058457e-01, 4.98987382e-01],
       [4.83525939e-01, 5.07674446e-01],
       [5.26690325e-01, 7.40538034e-01],
       [5.78965911e-01, 3.35005556e-01],
       [4.65628674e-01, 3.60118929e-01],
       [7.08078753e-01, 5.24658283e-01],
       [6.27648845e-01, 3.86573384e-01],
       [4.90104684e-01, 6.68264124e-01],
       [6.42570080e-01, 4.75868057e-01],
       [5.22486474e-01, 3.77629705e-01],
       [4.73623966e-01, 6.48561038e-01],
       [4.62943401e-01, 4.72344784e-01],
       [5.64397189e-01, 5.29147202e-01],
       [4.66151279e-01, 5.00839177e-01],
       [3.24976045e-01, 4.89850162e-01],
       [4.28481970e-01, 4.87756456e-01],
       [5.32949897e-01, 4.25078132e-01],
       [3.12654876e-01, 5.38221887e-01],
       [6.49163518e-01, 4.94322556e-01],
       [3.42308623e-01, 6.12242808e-01],
       [3.54760194e-01, 4.26620575e-01],
       [6.89417108e-01, 5.40425179e-01],
       [4.81141990e-01, 3.91578430e-01],
       [5.90043595e-01, 6.66552120e-01],
       [3.50045339e-01, 6.85820627e-01],
       [7.17267580e-01, 5.29635785e-01],
       [3.27932216e-01, 3.66021114e-01],
       [6.08002723e-01, 2.96886945e-01],
       [6.09982041e-01, 5.46369352e-01],
       [2.68262758e-01, 4.54220075e-01],
       [7.26678893e-01, 3.96041532e-01],
       [3.17418918e-01, 6.66513933e-01],
       [4.40005771e-01, 2.68883193e-01],
       [6.27094928e-01, 2.96213787e-01],
       [5.54353433e-01, 7.39067764e-01],
       [5.69364557e-01, 5.39013345e-01],
       [6.87325497e-01, 6.55512998e-01],
       [6.88791584e-01, 4.57446043e-01],
       [4.40516712e-01, 7.28403632e-01],
       [5.28424136e-01, 5.23597421e-01],
       [6.15015902e-01, 2.81568370e-01],
       [4.46080763e-01, 4.89077446e-01],
       [4.69988174e-01, 4.29793914e-01],
       [6.09492857e-01, 6.27436548e-01],
       [3.34925754e-01, 6.27857719e-01],
       [5.02474494e-01, 3.39745690e-01],
       [6.23757345e-01, 4.96786651e-01],
       [5.52942146e-01, 6.08331992e-01],
       [6.54648232e-01, 5.12370682e-01],
       [4.02315510e-01, 6.31901650e-01],
       [3.02393525e-01, 4.51124874e-01],
       [4.01872786e-01, 7.27429247e-01],
       [3.96778481e-01, 5.79695140e-01],
       [7.13531596e-01, 5.99447870e-01],
       [3.68758047e-01, 5.37854340e-01],
       [6.99297566e-01, 4.72201939e-01],
       [4.34432741e-01, 6.33336892e-01],
       [5.62044380e-01, 4.34036132e-01],
       [4.78565251e-01, 6.53162180e-01],
       [5.98539678e-01, 4.05756875e-01],
       [4.17772220e-01, 4.18313540e-01],
       [6.91147625e-01, 5.42340151e-01],
       [7.29064963e-01, 4.98260263e-01],
       [3.96137994e-01, 6.69306106e-01],
       [4.86853867e-01, 3.88515097e-01],
       [3.72641345e-01, 5.85082481e-01],
       [4.87954813e-01, 5.67371009e-01],
       [4.90203421e-01, 5.94804989e-01],
       [5.74452849e-01, 4.57270704e-01],
       [6.20174134e-01, 4.67287821e-01],
       [3.93189188e-01, 6.77129105e-01],
       [4.10001185e-01, 3.98725884e-01],
       [4.76572682e-01, 4.41912833e-01],
       [2.81563524e-01, 5.04119048e-01],
       [5.73899733e-01, 3.17922069e-01],
       [5.02119248e-01, 5.95122287e-01],
       [5.62626926e-01, 4.65181779e-01],
       [4.22505593e-01, 6.07298238e-01],
       [3.90887876e-01, 3.06345375e-01],
       [3.75148655e-01, 5.72766544e-01],
       [4.68722940e-01, 4.83217996e-01],
       [6.42124770e-01, 6.09303720e-01],
       [3.10693796e-01, 5.66112401e-01],
       [5.32410160e-01, 5.78951101e-01],
       [4.79670162e-01, 5.62803461e-01],
       [3.71185492e-01, 4.91744764e-01],
       [4.47777128e-01, 2.73694724e-01],
       [5.98723859e-01, 3.08089534e-01],
       [6.47747490e-01, 4.26714836e-01],
       [6.01066672e-01, 3.43812514e-01],
       [3.07039220e-01, 4.27825961e-01],
       [4.47331727e-01, 7.18130047e-01],
       [5.66259227e-01, 5.07437422e-01],
       [5.40113711e-01, 3.96985624e-01],
       [3.91989630e-01, 5.39399911e-01],
       [2.99390112e-01, 4.89447474e-01],
       [5.51355303e-01, 6.54802781e-01],
       [5.96868248e-01, 2.93364915e-01],
       [3.05992025e-01, 3.61987519e-01],
       [5.13617735e-01, 4.19466825e-01],
       [6.91435314e-01, 4.02241781e-01],
       [4.58156372e-01, 4.74481309e-01],
       [3.38786872e-01, 4.20254112e-01],
       [4.16786179e-01, 6.64857570e-01],
       [5.10765761e-01, 4.61887782e-01],
       [5.16438432e-01, 4.86055156e-01],
       [7.18417018e-01, 4.76841757e-01],
       [4.23331456e-01, 6.68190818e-01],
       [4.00423048e-01, 4.58678048e-01],
       [6.76886824e-01, 3.56296120e-01],
       [4.71307651e-01, 4.49808684e-01],
       [5.00053208e-01, 4.00264668e-01],
       [6.80403182e-01, 4.22534484e-01],
       [5.52157483e-01, 7.38884107e-01],
       [4.23139796e-01, 2.90497171e-01],
       [2.90671619e-01, 5.92883697e-01],
       [5.80678886e-01, 2.96850114e-01],
       [6.99316415e-01, 6.06060349e-01],
       [4.12188117e-01, 7.04350107e-01],
       [6.82495248e-01, 6.00577479e-01],
       [7.41356469e-01, 4.95832332e-01],
       [7.18486089e-01, 4.49886398e-01],
       [7.00415111e-01, 4.42365731e-01],
       [4.76606132e-01, 7.43635757e-01],
       [4.68771330e-01, 6.36536650e-01],
       [7.26855957e-01, 4.36902869e-01],
       [5.47288975e-01, 3.17719804e-01],
       [4.87764645e-01, 4.85658083e-01],
       [6.96816316e-01, 4.41105701e-01],
       [2.63991086e-01, 5.59102152e-01],
       [4.41884803e-01, 6.22628794e-01],
       [3.24166509e-01, 4.57674463e-01],
       [5.98900740e-01, 3.92479879e-01],
       [4.48915269e-01, 4.19097056e-01],
       [4.31249123e-01, 6.20315294e-01],
       [7.04477031e-01, 6.13824778e-01],
       [5.60426708e-01, 5.48383206e-01],
       [3.66176976e-01, 4.18965017e-01],
       [3.84523164e-01, 7.08730468e-01],
       [6.96317215e-01, 5.30742926e-01],
       [6.07621082e-01, 5.18836948e-01],
       [6.44298946e-01, 5.03736205e-01],
       [4.83230482e-01, 5.77591605e-01],
       [4.45707739e-01, 7.32919953e-01],
       [4.30448454e-01, 4.56471226e-01],
       [4.18669826e-01, 4.96384611e-01],
       [4.28287514e-01, 5.48076452e-01],
       [3.20436534e-01, 4.90706711e-01],
       [5.87513227e-01, 5.95351563e-01],
       [6.23627454e-01, 5.02149812e-01],
       [4.52112611e-01, 4.60497439e-01],
       [3.15242350e-01, 3.32052855e-01],
       [4.14991743e-01, 6.53689176e-01],
       [4.05200580e-01, 2.87776179e-01],
       [3.75010388e-01, 4.57935548e-01],
       [3.20618854e-01, 3.34002082e-01],
       [5.65031331e-01, 4.41271631e-01],
       [6.89110183e-01, 5.23200702e-01],
       [4.44293495e-01, 4.62797441e-01],
       [6.61699400e-01, 6.37100760e-01],
       [5.15576538e-01, 3.27309192e-01],
       [4.05632448e-01, 3.89218295e-01],
       [5.09601183e-01, 3.67362441e-01],
       [2.68832892e-01, 4.10972311e-01],
       [3.97912982e-01, 2.87828409e-01],
       [4.43383216e-01, 3.76690348e-01],
       [4.58283811e-01, 6.33491878e-01],
       [7.06042398e-01, 3.90262533e-01],
       [6.31420001e-01, 2.87349836e-01],
       [6.45593660e-01, 5.05471735e-01],
       [5.69911760e-01, 4.53044608e-01],
       [5.91782131e-01, 5.94207218e-01],
       [6.50571272e-01, 6.72988322e-01],
       [4.56808428e-01, 3.18947165e-01],
       [6.77950235e-01, 3.41132341e-01],
       [5.96633933e-01, 5.86798964e-01],
       [6.20520697e-01, 4.83073263e-01],
       [5.32886799e-01, 2.60365836e-01],
       [4.29764687e-01, 4.82631872e-01],
       [3.69173856e-01, 5.07896473e-01],
       [3.33066897e-01, 4.42023591e-01],
       [3.69887057e-01, 5.62813917e-01],
       [4.07944235e-01, 5.14009025e-01],
       [6.35750204e-01, 3.27597052e-01],
       [5.09341693e-01, 4.45308397e-01],
       [6.81205700e-01, 5.67101629e-01],
       [6.99207348e-01, 3.50888471e-01],
       [5.64270039e-01, 5.38659457e-01],
       [6.46614842e-01, 3.90005747e-01],
       [5.65165100e-01, 7.00145126e-01],
       [2.93140474e-01, 6.34594387e-01],
       [6.61786124e-01, 3.91811779e-01],
       [5.22304594e-01, 5.40583504e-01],
       [5.75701824e-01, 7.01058049e-01],
       [6.24712513e-01, 6.16183704e-01],
       [3.93174281e-01, 5.82485394e-01],
       [6.96767086e-01, 5.27075797e-01],
       [4.30890391e-01, 4.47058931e-01],
       [5.98801793e-01, 6.92127781e-01],
       [4.56848487e-01, 3.37306576e-01],
       [6.29446228e-01, 7.08227931e-01],
       [4.24913796e-01, 3.47746483e-01],
       [6.97457462e-01, 5.43818651e-01],
       [5.95902392e-01, 6.93441632e-01],
       [5.61031765e-01, 3.88370328e-01],
       [3.28672651e-01, 6.63742822e-01],
       [5.89459689e-01, 3.43760679e-01],
       [4.81207696e-01, 7.35930985e-01],
       [4.90994350e-01, 3.31691759e-01],
       [3.43217800e-01, 5.05595291e-01],
       [2.79860597e-01, 3.81822526e-01],
       [5.45136871e-01, 6.65640914e-01],
       [3.05681667e-01, 6.19117858e-01],
       [3.95296332e-01, 3.76619563e-01],
       [6.79992144e-01, 3.42279957e-01],
       [5.50374576e-01, 6.72128867e-01],
       [3.19546303e-01, 4.10435478e-01],
       [3.13471867e-01, 6.64355337e-01],
       [6.43981338e-01, 4.13443186e-01],
       [5.89283556e-01, 6.25501460e-01],
       [4.24314850e-01, 3.01280770e-01],
       [5.58902420e-01, 2.85877734e-01],
       [4.39140842e-01, 3.88019338e-01],
       [6.06742873e-01, 6.41963602e-01],
       [7.10083660e-01, 5.62941118e-01],
       [7.15180870e-01, 4.87142995e-01],
       [5.26993146e-01, 7.28240214e-01],
       [3.10532610e-01, 5.67753000e-01],
       [5.08448900e-01, 5.33956412e-01],
       [4.93862625e-01, 5.26042413e-01],
       [6.31624235e-01, 4.46802033e-01],
       [5.81047852e-01, 6.09237484e-01],
       [7.18784430e-01, 4.55472554e-01],
       [4.75888828e-01, 5.03085215e-01],
       [6.95708857e-01, 4.71079638e-01],
       [6.96911731e-01, 4.40695886e-01],
       [5.73612617e-01, 2.66377345e-01],
       [4.24598874e-01, 6.25940474e-01],
       [5.13988909e-01, 4.07053464e-01],
       [4.82332307e-01, 3.00110048e-01],
       [3.04621160e-01, 6.32586509e-01],
       [3.81582943e-01, 3.49553216e-01],
       [7.12091810e-01, 4.60322332e-01],
       [6.91361197e-01, 4.70022856e-01],
       [3.45595898e-01, 5.50457454e-01],
       [4.17503427e-01, 5.57529610e-01],
       [3.93052497e-01, 4.56859841e-01],
       [4.02504435e-01, 5.92284305e-01],
       [4.03732301e-01, 6.43534143e-01],
       [6.88536047e-01, 4.84078048e-01],
       [3.53935893e-01, 4.60122150e-01],
       [3.20189684e-01, 6.23449552e-01],
       [3.56503243e-01, 4.69314721e-01],
       [5.94835448e-01, 2.93013633e-01],
       [2.80647546e-01, 3.99677120e-01],
       [5.43018794e-01, 6.87539454e-01],
       [6.22089449e-01, 5.18080361e-01],
       [4.30829702e-01, 5.45707427e-01],
       [6.25860365e-01, 4.16352628e-01],
       [5.93590544e-01, 5.10465717e-01],
       [5.03477146e-01, 3.42154572e-01],
       [5.79944528e-01, 6.92806730e-01],
       [5.64161724e-01, 5.17384586e-01],
       [4.71690678e-01, 3.49361279e-01],
       [5.70478755e-01, 3.73298576e-01],
       [4.29747344e-01, 5.67074251e-01],
       [3.84218879e-01, 4.60996408e-01],
       [4.67519813e-01, 6.92894387e-01],
       [4.35421998e-01, 6.30098316e-01],
       [4.13885606e-01, 6.35520247e-01],
       [5.05916528e-01, 3.77243816e-01],
       [6.99465271e-01, 3.68626143e-01],
       [4.03485355e-01, 3.83567282e-01],
       [5.41989394e-01, 6.43841316e-01],
       [4.10681991e-01, 3.29283018e-01],
       [4.69637312e-01, 6.69370857e-01],
       [6.26507149e-01, 4.06876582e-01],
       [4.19911897e-01, 4.54054778e-01],
       [4.79106640e-01, 6.27151101e-01],
       [4.18728939e-01, 7.17630644e-01],
       [7.41866151e-01, 5.47234490e-01],
       [3.11468642e-01, 3.48258217e-01],
       [5.81787428e-01, 4.08599633e-01],
       [5.76864891e-01, 3.25662074e-01],
       [5.54050052e-01, 4.37305594e-01],
       [4.30871258e-01, 5.04282736e-01],
       [6.00333723e-01, 6.40905135e-01],
       [3.32472604e-01, 3.17008541e-01],
       [5.18910848e-01, 7.01975302e-01],
       [4.83376357e-01, 6.42316382e-01],
       [5.26270084e-01, 3.91374389e-01],
       [5.35487626e-01, 4.06967728e-01],
       [2.98248745e-01, 5.17755443e-01],
       [5.06338173e-01, 3.87291742e-01],
       [4.55206097e-01, 4.25738349e-01],
       [5.38058680e-01, 2.79017334e-01],
       [4.12309452e-01, 2.80502345e-01],
       [3.63709588e-01, 6.55410709e-01],
       [4.49514712e-01, 5.81695287e-01],
       [4.74023723e-01, 7.36376132e-01],
       [4.69245959e-01, 7.14006142e-01],
       [4.77876178e-01, 2.67077858e-01],
       [7.11668194e-01, 5.20243987e-01],
       [4.04652765e-01, 4.56580114e-01],
       [6.02803013e-01, 7.10838788e-01],
       [6.46957306e-01, 5.05818922e-01],
       [4.83495715e-01, 6.35633885e-01],
       [2.84677440e-01, 5.25749055e-01],
       [6.19559567e-01, 4.22141000e-01],
       [5.99066214e-01, 4.44844515e-01],
       [5.69470833e-01, 5.59208810e-01],
       [4.53289841e-01, 5.16846219e-01],
       [5.29140390e-01, 2.99697537e-01],
       [6.34836676e-01, 3.36489613e-01],
       [4.25032235e-01, 5.91595778e-01],
       [4.56643051e-01, 3.75387565e-01],
       [4.82841762e-01, 4.08631829e-01],
       [5.10258398e-01, 5.70926521e-01],
       [5.62382237e-01, 4.68133176e-01],
       [5.21253042e-01, 5.91003979e-01],
       [5.08988264e-01, 6.26324582e-01],
       [6.39913561e-01, 5.02478487e-01],
       [2.87037388e-01, 4.25618370e-01],
       [3.18439074e-01, 4.52369622e-01],
       [5.63979936e-01, 6.38224685e-01],
       [6.66862383e-01, 5.99238037e-01],
       [5.00811772e-01, 4.85275722e-01],
       [5.39008857e-01, 3.99456690e-01],
       [4.63691723e-01, 6.08153204e-01],
       [4.64051291e-01, 6.66312716e-01],
       [3.20143968e-01, 4.49561877e-01],
       [3.61241420e-01, 4.66272534e-01],
       [3.06125400e-01, 5.01284785e-01],
       [6.26718964e-01, 4.66404050e-01],
       [6.76605536e-01, 3.58444510e-01],
       [5.06421998e-01, 2.60356133e-01],
       [6.03497338e-01, 4.54614100e-01],
       [2.52516261e-01, 5.10159873e-01],
       [6.86004467e-01, 3.72787283e-01],
       [5.73799064e-01, 2.96477581e-01],
       [3.74279671e-01, 3.23444626e-01],
       [3.34097231e-01, 5.08021629e-01],
       [5.16077320e-01, 5.57752061e-01],
       [4.13904549e-01, 2.77376376e-01],
       [3.53799063e-01, 3.71121646e-01],
       [2.80497473e-01, 4.32240672e-01],
       [5.29216680e-01, 6.04584115e-01],
       [5.69355155e-01, 6.22720639e-01],
       [5.28932405e-01, 6.90937849e-01],
       [4.25638143e-01, 3.66409823e-01],
       [5.96012641e-01, 6.91081231e-01],
       [2.98901106e-01, 3.76504705e-01],
       [3.17778240e-01, 3.63829266e-01],
       [6.80990719e-01, 4.15762040e-01],
       [3.87810306e-01, 6.36491313e-01],
       [4.05727289e-01, 5.64382845e-01],
       [6.28878683e-01, 3.17635501e-01],
       [2.71760054e-01, 4.81815773e-01],
       [5.90725014e-01, 5.37101674e-01],
       [5.73580360e-01, 5.29297000e-01],
       [6.28900677e-01, 5.04257383e-01],
       [3.80016789e-01, 6.90815651e-01],
       [6.75882869e-01, 5.45450107e-01],
       [6.69790539e-01, 5.07077440e-01],
       [4.02747471e-01, 7.26653851e-01],
       [4.17492953e-01, 6.14273434e-01],
       [7.23156604e-01, 6.06597295e-01],
       [4.06696749e-01, 5.16977469e-01],
       [3.94743471e-01, 6.13013092e-01],
       [3.02544358e-01, 5.22769057e-01],
       [5.36959611e-01, 6.54584724e-01],
       [7.05302643e-01, 4.15803356e-01],
       [4.14237528e-01, 5.93338768e-01],
       [6.03575657e-01, 6.42917536e-01],
       [5.58030092e-01, 4.66300509e-01],
       [6.28624672e-01, 5.32585865e-01],
       [7.12747329e-01, 6.31161613e-01],
       [5.44834362e-01, 4.00192722e-01],
       [5.46511802e-01, 3.14358395e-01],
       [7.00098121e-01, 6.24989218e-01],
       [5.04270357e-01, 3.71121137e-01],
       [6.38119647e-01, 5.73624429e-01],
       [6.86743861e-01, 5.08083798e-01],
       [4.00107289e-01, 3.77305967e-01],
       [3.57326836e-01, 3.46871365e-01]]), array([1, 1, 1, 1, 1, 1, 1, 1, 1, 1, 1, 1, 1, 1, 1, 1, 1, 1, 1, 1, 1, 1,
       1, 1, 1, 1, 1, 1, 1, 1, 1, 1, 1, 1, 1, 1, 1, 1, 1, 1, 1, 1, 1, 1,
       1, 1, 1, 1, 1, 1, 1, 1, 1, 1, 1, 1, 1, 1, 1, 1, 1, 1, 1, 1, 1, 1,
       1, 1, 1, 1, 1, 1, 1, 1, 1, 1, 1, 1, 1, 1, 1, 1, 1, 1, 1, 1, 1, 1,
       1, 1, 1, 1, 1, 1, 1, 1, 1, 1, 1, 1, 1, 1, 1, 1, 1, 1, 1, 1, 1, 1,
       1, 1, 1, 1, 1, 1, 1, 1, 1, 1, 1, 1, 1, 1, 1, 1, 1, 1, 1, 1, 1, 1,
       1, 1, 1, 1, 1, 1, 1, 1, 1, 1, 1, 1, 1, 1, 1, 1, 1, 1, 1, 1, 1, 1,
       1, 1, 1, 1, 1, 1, 1, 1, 1, 1, 1, 1, 1, 1, 1, 1, 1, 1, 1, 1, 1, 1,
       1, 1, 1, 1, 1, 1, 1, 1, 1, 1, 1, 1, 1, 1, 1, 1, 1, 1, 1, 1, 1, 1,
       1, 1, 1, 1, 1, 1, 1, 1, 1, 1, 1, 1, 1, 1, 1, 1, 1, 1, 1, 1, 1, 1,
       1, 1, 1, 1, 1, 1, 1, 1, 1, 1, 1, 1, 1, 1, 1, 1, 1, 1, 1, 1, 1, 1,
       1, 1, 1, 1, 1, 1, 1, 1, 1, 1, 1, 1, 1, 1, 1, 1, 1, 1, 1, 1, 1, 1,
       1, 1, 1, 1, 1, 1, 1, 1, 1, 1, 1, 1, 1, 1, 1, 1, 1, 1, 1, 1, 1, 1,
       1, 1, 1, 1, 1, 1, 1, 1, 1, 1, 1, 1, 1, 1, 1, 1, 1, 1, 1, 1, 1, 1,
       1, 1, 1, 1, 1, 1, 1, 1, 1, 1, 1, 1, 1, 1, 1, 1, 1, 1, 1, 1, 1, 1,
       1, 1, 1, 1, 1, 1, 1, 1, 1, 1, 1, 1, 1, 1, 1, 1, 1, 1, 1, 1, 1, 1,
       1, 1, 1, 1, 1, 1, 1, 1, 1, 1, 1, 1, 1, 1, 1, 1, 1, 1, 1, 1, 1, 1,
       1, 1, 1, 1, 1, 1, 1, 1, 1, 1, 1, 1, 1, 1, 1, 1, 1, 1, 1, 1, 1, 1,
       1, 1, 1, 1, 1, 1, 1, 1, 1, 1, 1, 1, 1, 1, 1, 1, 1, 1, 1, 1, 1, 1,
       1, 1, 1, 1, 1, 1, 1, 1, 1, 1, 1, 1, 1, 1, 1, 1, 1, 1, 1, 1, 1, 1,
       1, 1, 1, 1, 1, 1, 1, 1, 1, 1, 1, 1, 1, 1, 1, 1, 1, 1, 1, 1, 1, 1,
       1, 1, 1, 1, 1, 1, 1, 1, 1, 1, 1, 1, 1, 1, 1, 1, 1, 1, 1, 1, 1, 1,
       1, 1, 1, 1, 1, 1, 1, 1, 1, 1, 1, 1, 1, 1, 1, 1, 1, 1, 1, 1, 1, 1,
       1, 1, 1, 1, 1, 1, 1, 1, 1, 1, 1, 1, 1, 1, 1, 1, 1, 1, 1, 1, 1, 1,
       1, 1, 1, 1, 1, 1, 1, 1, 1, 1, 1, 1, 1, 1, 1, 1, 1, 1, 1, 1, 1, 1,
       1, 1, 1, 1, 1, 1, 1, 1, 1, 1, 1, 1, 1, 1, 1, 1, 1, 1, 1, 1, 1, 1,
       1, 1, 1, 1, 1, 1, 1, 1, 1, 1, 1, 1, 1, 1, 1, 1, 1, 1, 1, 1, 1, 1,
       1, 1, 1, 1, 1, 1, 1, 1, 1, 1, 1, 1, 1, 1, 1, 1, 1, 1, 1, 1, 1, 1,
       1, 1, 1, 1, 1, 1, 1, 1, 1, 1, 1, 1, 1, 1, 1, 1, 1, 1, 1, 1, 1, 1,
       1, 1, 1, 1, 1, 1, 1, 1, 1, 1, 1, 1, 1, 1, 1, 1, 1, 1, 1, 1, 1, 1,
       1, 1, 1, 1, 1, 1, 1, 1, 1, 1, 1, 1, 1, 1, 1, 1, 1, 1, 1, 1, 1, 1,
       1, 1, 1, 1, 1, 1, 1, 1, 1, 1, 1, 1, 1, 1, 1, 1, 1, 1, 1, 1, 1, 1,
       1, 1, 1, 1, 1, 1, 1, 1, 1, 1, 1, 1, 1, 1, 1, 1, 1, 1, 1, 1, 1, 1,
       1, 1, 1, 1, 1, 1, 1, 1, 1, 1, 1, 1, 1, 1, 1, 1, 1, 1, 1, 1, 1, 1,
       1, 1, 0, 0, 0, 0, 0, 0, 0, 0, 0, 0, 0, 0, 0, 0, 0, 0, 0, 0, 0, 0,
       0, 0, 0, 0, 0, 0, 0, 0, 0, 0, 0, 0, 0, 0, 0, 0, 0, 0, 0, 0, 0, 0,
       0, 0, 0, 0, 0, 0, 0, 0, 0, 0, 0, 0, 0, 0, 0, 0, 0, 0, 0, 0, 0, 0,
       0, 0, 0, 0, 0, 0, 0, 0, 0, 0, 0, 0, 0, 0, 0, 0, 0, 0, 0, 0, 0, 0,
       0, 0, 0, 0, 0, 0, 0, 0, 0, 0, 0, 0, 0, 0, 0, 0, 0, 0, 0, 0, 0, 0,
       0, 0, 0, 0, 0, 0, 0, 0, 0, 0, 0, 0, 0, 0, 0, 0, 0, 0, 0, 0, 0, 0,
       0, 0, 0, 0, 0, 0, 0, 0, 0, 0, 0, 0, 0, 0, 0, 0, 0, 0, 0, 0, 0, 0,
       0, 0, 0, 0, 0, 0, 0, 0, 0, 0, 0, 0, 0, 0, 0, 0, 0, 0, 0, 0, 0, 0,
       0, 0, 0, 0, 0, 0, 0, 0, 0, 0, 0, 0, 0, 0, 0, 0, 0, 0, 0, 0, 0, 0,
       0, 0, 0, 0, 0, 0, 0, 0, 0, 0, 0, 0, 0, 0, 0, 0, 0, 0, 0, 0, 0, 0,
       0, 0, 0, 0, 0, 0, 0, 0, 0, 0, 0, 0, 0, 0, 0, 0, 0, 0, 0, 0, 0, 0,
       0, 0, 0, 0, 0, 0, 0, 0, 0, 0, 0, 0, 0, 0, 0, 0, 0, 0, 0, 0, 0, 0,
       0, 0, 0, 0, 0, 0, 0, 0, 0, 0, 0, 0, 0, 0, 0, 0, 0, 0, 0, 0, 0, 0,
       0, 0, 0, 0, 0, 0, 0, 0, 0, 0, 0, 0, 0, 0, 0, 0, 0, 0, 0, 0, 0, 0,
       0, 0, 0, 0, 0, 0, 0, 0, 0, 0, 0, 0, 0, 0, 0, 0, 0, 0, 0, 0, 0, 0,
       0, 0, 0, 0, 0, 0, 0, 0, 0, 0, 0, 0, 0, 0, 0, 0, 0, 0, 0, 0, 0, 0,
       0, 0, 0, 0, 0, 0, 0, 0, 0, 0, 0, 0, 0, 0, 0, 0, 0, 0, 0, 0, 0, 0,
       0, 0, 0, 0, 0, 0, 0, 0, 0, 0, 0, 0, 0, 0, 0, 0, 0, 0, 0, 0, 0, 0,
       0, 0, 0, 0, 0, 0, 0, 0, 0, 0, 0, 0, 0, 0, 0, 0, 0, 0, 0, 0, 0, 0,
       0, 0, 0, 0, 0, 0, 0, 0, 0, 0, 0, 0, 0, 0, 0, 0, 0, 0, 0, 0, 0, 0,
       0, 0, 0, 0, 0, 0, 0, 0, 0, 0, 0, 0, 0, 0, 0, 0, 0, 0, 0, 0, 0, 0,
       0, 0, 0, 0, 0, 0, 0, 0, 0, 0, 0, 0, 0, 0, 0, 0, 0, 0, 0, 0, 0, 0,
       0, 0, 0, 0, 0, 0, 0, 0, 0, 0, 0, 0, 0, 0, 0, 0, 0, 0, 0, 0, 0, 0,
       0, 0, 0, 0, 0, 0, 0, 0, 0, 0, 0, 0, 0, 0, 0, 0, 0, 0, 0, 0, 0, 0,
       0, 0, 0, 0, 0, 0, 0, 0, 0, 0, 0, 0, 0, 0, 0, 0, 0, 0, 0, 0, 0, 0,
       0, 0, 0, 0, 0, 0, 0, 0, 0, 0, 0, 0, 0, 0, 0, 0, 0, 0, 0, 0, 0, 0,
       0, 0, 0, 0, 0, 0, 0, 0, 0, 0, 0, 0, 0, 0, 0, 0, 0, 0, 0, 0, 0, 0,
       0, 0, 0, 0, 0, 0, 0, 0, 0, 0, 0, 0, 0, 0, 0, 0, 0, 0, 0, 0, 0, 0,
       0, 0, 0, 0, 0, 0, 0, 0, 0, 0, 0, 0, 0, 0, 0, 0, 0, 0, 0, 0, 0, 0,
       0, 0, 0, 0, 0, 0, 0, 0, 0, 0, 0, 0, 0, 0, 0, 0, 0, 0, 0, 0, 0, 0,
       0, 0, 0, 0, 0, 0, 0, 0, 0, 0, 0, 0, 0, 0, 0, 0, 0, 0, 0, 0, 0, 0,
       0, 0, 0, 0, 0, 0, 0, 0, 0, 0, 0, 0, 0, 0, 0, 0, 0, 0, 0, 0, 0, 0,
       0, 0, 0, 0, 0, 0, 0, 0, 0, 0, 0, 0, 0, 0, 0, 0, 0, 0, 0, 0, 0, 0,
       0, 0, 0, 0, 0, 0, 0, 0, 0, 0, 0, 0, 0, 0, 0, 0, 0, 0, 0, 0, 0, 0,
       0, 0, 0, 0]), Counter({1: 750, 0: 750}))