(array([[0.35524983, 0.30681015],
       [0.37533983, 0.17862464],
       [0.39476354, 0.26866822],
       [0.30077672, 0.12656522],
       [0.15862836, 0.23570092],
       [0.64891295, 0.19302464],
       [0.51054738, 0.23256899],
       [0.45457135, 0.14974384],
       [0.56812484, 0.1424306 ],
       [0.26071121, 0.07797823],
       [0.56662838, 0.24524049],
       [0.41305133, 0.17837467],
       [0.41673579, 0.07745006],
       [0.31347619, 0.09983969],
       [0.5580083 , 0.12662916],
       [0.31647822, 0.2017481 ],
       [0.46646808, 0.12674439],
       [0.39701352, 0.34046715],
       [0.40301619, 0.24247859],
       [0.41725595, 0.11650365],
       [0.39989907, 0.10398523],
       [0.26437489, 0.18776973],
       [0.33405744, 0.1487373 ],
       [0.51644081, 0.11836782],
       [0.15845075, 0.18167408],
       [0.46030666, 0.18495111],
       [0.160165  , 0.2234838 ],
       [0.55880192, 0.15700419],
       [0.3955715 , 0.27550157],
       [0.30533932, 0.08856915],
       [0.49748236, 0.09038556],
       [0.24309963, 0.2516434 ],
       [0.42710821, 0.26934955],
       [0.26173252, 0.23793753],
       [0.24329544, 0.1116726 ],
       [0.26963756, 0.27330453],
       [0.25395008, 0.27995964],
       [0.26186818, 0.09478401],
       [0.25431213, 0.2893878 ],
       [0.36766929, 0.09380966],
       [0.15946073, 0.17362186],
       [0.34727737, 0.12115212],
       [0.35618246, 0.24470374],
       [0.35725724, 0.19116561],
       [0.30206883, 0.24752557],
       [0.25370439, 0.09992752],
       [0.35500708, 0.21015283],
       [0.40908727, 0.18899199],
       [0.50390858, 0.1146533 ],
       [0.45699203, 0.13082478],
       [0.46260285, 0.15867929],
       [0.53982264, 0.24159278],
       [0.52397034, 0.0772905 ],
       [0.30276342, 0.16913317],
       [0.50765846, 0.28088994],
       [0.56065571, 0.18333421],
       [0.4085753 , 0.10759395],
       [0.42635883, 0.07016904],
       [0.5599006 , 0.1323915 ],
       [0.25507829, 0.21175155],
       [0.53473991, 0.25944501],
       [0.41357494, 0.09541467],
       [0.48346674, 0.3020294 ],
       [0.27745574, 0.20738476],
       [0.42479534, 0.24644606],
       [0.56855677, 0.2800295 ],
       [0.44588229, 0.2426092 ],
       [0.57826922, 0.21441586],
       [0.21058213, 0.14968274],
       [0.43439927, 0.07093272],
       [0.18861846, 0.18602812],
       [0.28734765, 0.15232388],
       [0.41304752, 0.25749863],
       [0.22900392, 0.12773258],
       [0.31315367, 0.21950208],
       [0.43315615, 0.31432635],
       [0.52510761, 0.29471102],
       [0.31268405, 0.23097827],
       [0.37422607, 0.12102169],
       [0.36043924, 0.29360296],
       [0.51438861, 0.08292206],
       [0.55994643, 0.2904044 ],
       [0.50638633, 0.24522206],
       [0.18985669, 0.22919906],
       [0.47012739, 0.18210316],
       [0.46607345, 0.21149503],
       [0.17314445, 0.24155913],
       [0.20359262, 0.12684179],
       [0.30827909, 0.20657555],
       [0.61682523, 0.21437632],
       [0.26982703, 0.30671108],
       [0.32254333, 0.29692713],
       [0.17918082, 0.21366649],
       [0.55506135, 0.23882789],
       [0.49878683, 0.31343912],
       [0.59420012, 0.20367596],
       [0.34275868, 0.16462415],
       [0.29043786, 0.15467514],
       [0.27337866, 0.29893866],
       [0.25965241, 0.27010178],
       [0.42929114, 0.17403599],
       [0.52291822, 0.11937629],
       [0.26351852, 0.11233512],
       [0.33954243, 0.16555176],
       [0.37262966, 0.29711619],
       [0.43607966, 0.24549964],
       [0.36468698, 0.16640681],
       [0.51317801, 0.27033215],
       [0.53436879, 0.12095227],
       [0.61246256, 0.26792024],
       [0.25177031, 0.12214285],
       [0.27926376, 0.27442286],
       [0.30590268, 0.28557521],
       [0.46585373, 0.2852401 ],
       [0.52639787, 0.10074484],
       [0.22738648, 0.30524326],
       [0.39732047, 0.27247737],
       [0.3823861 , 0.1811039 ],
       [0.30503569, 0.19961824],
       [0.33122034, 0.06677974],
       [0.4209964 , 0.08162659],
       [0.48805109, 0.09545578],
       [0.42933073, 0.31590789],
       [0.46127534, 0.1848201 ],
       [0.31763531, 0.18988161],
       [0.52364183, 0.08078791],
       [0.60791074, 0.23811147],
       [0.35594338, 0.19641222],
       [0.41339873, 0.24652817],
       [0.43789849, 0.12771555],
       [0.46712568, 0.07082967],
       [0.56632203, 0.10076179],
       [0.50669395, 0.19925182],
       [0.36057162, 0.11489914],
       [0.42996345, 0.33198058],
       [0.22488148, 0.10198409],
       [0.25796093, 0.29122415],
       [0.46846008, 0.32162513],
       [0.36149359, 0.11658033],
       [0.18793001, 0.14213518],
       [0.57057715, 0.24871078],
       [0.44772646, 0.29963753],
       [0.2909608 , 0.24845447],
       [0.32163767, 0.2948842 ],
       [0.55569872, 0.28547581],
       [0.38753022, 0.17144463],
       [0.57100508, 0.18794821],
       [0.2252799 , 0.14721756],
       [0.55247669, 0.26735078],
       [0.22615253, 0.25808014],
       [0.44322809, 0.24931792],
       [0.39560105, 0.20886695],
       [0.24703766, 0.18064897],
       [0.61385785, 0.25290785],
       [0.49135501, 0.21283218],
       [0.23500236, 0.23005292],
       [0.38592458, 0.21841661],
       [0.46316564, 0.26560657],
       [0.54231961, 0.24737283],
       [0.39049736, 0.25971534],
       [0.26983553, 0.22576761],
       [0.32431604, 0.12198505],
       [0.28153562, 0.24240667],
       [0.48652123, 0.18784959],
       [0.5736361 , 0.28986523],
       [0.26196781, 0.09556588],
       [0.600307  , 0.12976042],
       [0.44583517, 0.06869521],
       [0.26375784, 0.2592476 ],
       [0.28573656, 0.11086232],
       [0.55697679, 0.18284046],
       [0.26156584, 0.26372363],
       [0.18021053, 0.20082295],
       [0.30203916, 0.27665205],
       [0.43227465, 0.3271015 ],
       [0.31387574, 0.32034711],
       [0.46771328, 0.23224479],
       [0.32988832, 0.11638895],
       [0.62882121, 0.2130965 ],
       [0.17459536, 0.15477245],
       [0.33805943, 0.2162299 ],
       [0.50034782, 0.17777249],
       [0.5138392 , 0.26635925],
       [0.36484849, 0.22855269],
       [0.29751236, 0.2020226 ],
       [0.30585958, 0.10661752],
       [0.27541264, 0.26429377],
       [0.2305182 , 0.21625241],
       [0.44583916, 0.23420636],
       [0.39354301, 0.15633988],
       [0.58927125, 0.25926848],
       [0.50792711, 0.17424785],
       [0.61344449, 0.20794456],
       [0.54297099, 0.1501921 ],
       [0.29931528, 0.31213862],
       [0.27679545, 0.08516034],
       [0.50529634, 0.06747164],
       [0.32793775, 0.19867076],
       [0.51911351, 0.09309995],
       [0.45148185, 0.07109595],
       [0.28878593, 0.22456998],
       [0.50775006, 0.16990804],
       [0.21774584, 0.30145233],
       [0.38659847, 0.28902242],
       [0.47979322, 0.21814047],
       [0.47322021, 0.18570915],
       [0.36651506, 0.32406419],
       [0.62865306, 0.25384645],
       [0.61964469, 0.25491914],
       [0.53720894, 0.21312061],
       [0.32057382, 0.11255114],
       [0.22625586, 0.10825658],
       [0.3569781 , 0.20360668],
       [0.26036226, 0.0819075 ],
       [0.48780506, 0.19256398],
       [0.41767606, 0.19708027],
       [0.35308517, 0.31788486],
       [0.38993061, 0.07547367],
       [0.61415138, 0.15372472],
       [0.56180228, 0.12827161],
       [0.46778822, 0.25415985],
       [0.44513723, 0.08562092],
       [0.2512851 , 0.2999702 ],
       [0.2276698 , 0.09869793],
       [0.46047298, 0.16435835],
       [0.21836515, 0.23294198],
       [0.53870322, 0.29995894],
       [0.33965512, 0.28803501],
       [0.63670941, 0.1686259 ],
       [0.35310495, 0.09863279],
       [0.35649998, 0.28861557],
       [0.3043302 , 0.30141311],
       [0.34864961, 0.05930644],
       [0.51966079, 0.08349069],
       [0.63204624, 0.2045586 ],
       [0.33531031, 0.28246041],
       [0.35633112, 0.16048527],
       [0.50409736, 0.09873293],
       [0.49574493, 0.14674893],
       [0.51546254, 0.11797807],
       [0.47900904, 0.05974614],
       [0.48755269, 0.32337753],
       [0.30068824, 0.09680962],
       [0.2879561 , 0.06673893],
       [0.47456825, 0.09024047],
       [0.54367458, 0.17931081],
       [0.47275409, 0.200464  ],
       [0.33645463, 0.10659288],
       [0.51139139, 0.17489934],
       [0.43430982, 0.19426275],
       [0.20538941, 0.22114717],
       [0.26879547, 0.11348795],
       [0.36264144, 0.20055252],
       [0.17932417, 0.15772501],
       [0.45251994, 0.24878318],
       [0.22338471, 0.17344465],
       [0.40050714, 0.12187646],
       [0.55895549, 0.21869106],
       [0.25743632, 0.22755341],
       [0.44489902, 0.27483326],
       [0.49637385, 0.25193458],
       [0.40133491, 0.05613567],
       [0.18360399, 0.25056009],
       [0.58514679, 0.12339809],
       [0.57134906, 0.26020106],
       [0.53208204, 0.28061302],
       [0.48816589, 0.23454063],
       [0.47308018, 0.14919164],
       [0.50572892, 0.17961595],
       [0.3656093 , 0.1854555 ],
       [0.51709014, 0.19770513],
       [0.3521467 , 0.16440297],
       [0.29526865, 0.25322171],
       [0.24355889, 0.10228571],
       [0.18062502, 0.20457912],
       [0.41598836, 0.09953769],
       [0.61634554, 0.23018762],
       [0.34898576, 0.24674918],
       [0.50516838, 0.243139  ],
       [0.44181472, 0.26120069],
       [0.40599947, 0.1540042 ],
       [0.48149785, 0.3370924 ],
       [0.56906903, 0.10987623],
       [0.53413837, 0.29521205],
       [0.43638823, 0.06179298],
       [0.55657799, 0.2117617 ],
       [0.32481238, 0.10149046],
       [0.42671495, 0.10454828],
       [0.57424897, 0.26970844],
       [0.58143201, 0.14273971],
       [0.41216887, 0.11730002],
       [0.36187545, 0.10005673],
       [0.58365836, 0.29145963],
       [0.3082979 , 0.06208999],
       [0.34827707, 0.19694534],
       [0.19751214, 0.13430975],
       [0.24020005, 0.10765497],
       [0.46986802, 0.15514144],
       [0.40713991, 0.07205301],
       [0.34687971, 0.24886126],
       [0.34572732, 0.08388824],
       [0.27170157, 0.32248237],
       [0.3545168 , 0.22734222],
       [0.45930507, 0.13778399],
       [0.22421886, 0.13881495],
       [0.45358694, 0.32027627],
       [0.18128304, 0.22287153],
       [0.24544959, 0.08602505],
       [0.58416145, 0.21979833],
       [0.39331106, 0.20647676],
       [0.53685549, 0.26373614],
       [0.35001352, 0.27916129],
       [0.33980045, 0.1385662 ],
       [0.53339896, 0.14847409],
       [0.22954202, 0.27931744],
       [0.28456078, 0.23655205],
       [0.39680466, 0.07740933],
       [0.56321389, 0.10440469],
       [0.34970755, 0.33072795],
       [0.24256638, 0.15785883],
       [0.19552834, 0.19826707],
       [0.35735185, 0.16814763],
       [0.44233143, 0.27115904],
       [0.36944378, 0.20041733],
       [0.36432085, 0.24683432],
       [0.64851808, 0.2064441 ],
       [0.40516769, 0.22589592],
       [0.20815222, 0.18653893],
       [0.18407287, 0.26920314],
       [0.46568081, 0.29960395],
       [0.27936481, 0.10007189],
       [0.4446956 , 0.1263142 ],
       [0.26158361, 0.26509446],
       [0.30128456, 0.28707117],
       [0.42036303, 0.30896356],
       [0.53828317, 0.2074024 ],
       [0.32540189, 0.1771343 ],
       [0.6236834 , 0.1725781 ],
       [0.33690988, 0.13290208],
       [0.42871075, 0.0563213 ],
       [0.31713071, 0.13058868],
       [0.26915295, 0.31612964],
       [0.56638219, 0.27801935],
       [0.50600721, 0.17748834],
       [0.52468078, 0.28981005],
       [0.40760375, 0.22075475],
       [0.35482317, 0.30375142],
       [0.59706686, 0.23702789],
       [0.34910359, 0.20718133],
       [0.54382428, 0.22974097],
       [0.45820115, 0.24829721],
       [0.52015023, 0.17615624],
       [0.16289004, 0.17256791],
       [0.29093775, 0.20724126],
       [0.59177589, 0.21246588],
       [0.30292134, 0.32372613],
       [0.49664652, 0.25804846],
       [0.45331178, 0.31294526],
       [0.21381676, 0.13076928],
       [0.22470243, 0.14718222],
       [0.4447578 , 0.22858596],
       [0.33262255, 0.33886806],
       [0.41587564, 0.299402  ],
       [0.39264932, 0.27974176],
       [0.22592902, 0.30053159],
       [0.55165275, 0.24513844],
       [0.51278716, 0.26811637],
       [0.24777236, 0.25070671],
       [0.37528992, 0.14688342],
       [0.57900249, 0.26024527],
       [0.33398811, 0.2824147 ],
       [0.54155432, 0.14026608],
       [0.31436652, 0.31669062],
       [0.2163087 , 0.13909493],
       [0.63565267, 0.15941752],
       [0.43075494, 0.5739986 ],
       [0.7685009 , 0.49992223],
       [0.36712634, 0.54353083],
       [0.57848436, 0.46825662],
       [0.70727118, 0.58520297],
       [0.6290768 , 0.49846243],
       [0.5997801 , 0.47322145],
       [0.79775035, 0.41930187],
       [0.7895064 , 0.53240622],
       [0.53136041, 0.56177723],
       [0.58544957, 0.36519609],
       [0.50544426, 0.42862126],
       [0.73151765, 0.61140552],
       [0.56313472, 0.58182671],
       [0.67226055, 0.53832887],
       [0.44556236, 0.49010499],
       [0.62494529, 0.43712764],
       [0.37652866, 0.53567295],
       [0.45875282, 0.48661287],
       [0.52059011, 0.57027553],
       [0.68315388, 0.53846096],
       [0.42836423, 0.59568195],
       [0.69636073, 0.52404095],
       [0.64790845, 0.36305821],
       [0.7920229 , 0.5258391 ],
       [0.53042104, 0.48973236],
       [0.52117862, 0.36763443],
       [0.58304168, 0.58510651],
       [0.42048522, 0.50654877],
       [0.55450311, 0.46122537],
       [0.65688105, 0.48321585],
       [0.6409659 , 0.60852865],
       [0.42519267, 0.44827084],
       [0.69203488, 0.46464148],
       [0.68054075, 0.61392848],
       [0.56249511, 0.38932373],
       [0.64537863, 0.50270784],
       [0.44715731, 0.6158049 ],
       [0.52997133, 0.48866276],
       [0.69631898, 0.49797864],
       [0.77796998, 0.59438531],
       [0.51726354, 0.45883392],
       [0.73665244, 0.38806125],
       [0.44354438, 0.39426992],
       [0.60189604, 0.44541706],
       [0.56726734, 0.45553664],
       [0.43211399, 0.58584567],
       [0.46139844, 0.48590485],
       [0.51426967, 0.60948468],
       [0.43015081, 0.55158859],
       [0.52412943, 0.43438466],
       [0.57258375, 0.45298997],
       [0.70929894, 0.37322408],
       [0.78495454, 0.56250045],
       [0.71128282, 0.51817554],
       [0.52254721, 0.58108738],
       [0.84325622, 0.52310087],
       [0.62961131, 0.55116362],
       [0.48998157, 0.48474388],
       [0.72761207, 0.49790061],
       [0.61717299, 0.37447882],
       [0.37254648, 0.49199833],
       [0.48226997, 0.45617611],
       [0.68171279, 0.58630982],
       [0.51657716, 0.37398475],
       [0.6089567 , 0.49797213],
       [0.44687761, 0.4078248 ],
       [0.83460183, 0.51253531],
       [0.78517651, 0.42414838],
       [0.37472861, 0.52299225],
       [0.53181157, 0.48971309],
       [0.72563544, 0.4532286 ],
       [0.35768595, 0.53212205],
       [0.80860702, 0.52937576],
       [0.67739771, 0.45924441],
       [0.68758391, 0.36293374],
       [0.64478469, 0.39394161],
       [0.51306701, 0.62859087],
       [0.4048771 , 0.50812428],
       [0.69071382, 0.54672348],
       [0.65122657, 0.55708876],
       [0.54226038, 0.40928366],
       [0.71290138, 0.55398761],
       [0.57624906, 0.37235492],
       [0.43957328, 0.52773111],
       [0.61733248, 0.40885353],
       [0.65799389, 0.54683342],
       [0.59148659, 0.57714742],
       [0.76200614, 0.55925494],
       [0.64725789, 0.38730544],
       [0.52730478, 0.60964352],
       [0.55063394, 0.54608905],
       [0.37789285, 0.45634266],
       [0.60243974, 0.50074899],
       [0.76239161, 0.61017123],
       [0.79713139, 0.53111627],
       [0.83637634, 0.50358032],
       [0.73717074, 0.40802158],
       [0.64001785, 0.4508851 ],
       [0.75740282, 0.59949831],
       [0.67875338, 0.60159004],
       [0.54899801, 0.51800354],
       [0.83932108, 0.54250816],
       [0.44157732, 0.59632164],
       [0.47826922, 0.46005432],
       [0.62501188, 0.46262   ],
       [0.61880845, 0.40860377],
       [0.44783567, 0.50508803],
       [0.39933761, 0.41336376],
       [0.57553815, 0.44287087],
       [0.51637494, 0.56467351],
       [0.76300451, 0.43716324],
       [0.50262505, 0.57323828],
       [0.83166377, 0.502501  ],
       [0.69476604, 0.37107315],
       [0.41213946, 0.55703162],
       [0.44970132, 0.39962381],
       [0.55130676, 0.54211186],
       [0.69286987, 0.52687036],
       [0.41365965, 0.4983081 ],
       [0.66005479, 0.50501438],
       [0.66549969, 0.57895777],
       [0.65840442, 0.5899062 ],
       [0.50571261, 0.42218106],
       [0.68074027, 0.58974857],
       [0.7938165 , 0.45728308],
       [0.57880203, 0.37975814],
       [0.66141125, 0.38564724],
       [0.76283773, 0.42593458],
       [0.51069334, 0.61378504],
       [0.36898441, 0.44666264],
       [0.57787242, 0.49867806],
       [0.39738947, 0.49045843],
       [0.65542484, 0.42591256],
       [0.69388009, 0.4218999 ],
       [0.60095024, 0.53590381],
       [0.55647483, 0.54738348],
       [0.55683355, 0.37699468],
       [0.54843819, 0.49810516],
       [0.829474  , 0.47502497],
       [0.55473974, 0.53202674],
       [0.39224404, 0.41896164],
       [0.50950218, 0.44366851],
       [0.78519702, 0.45997179],
       [0.72326097, 0.43064106],
       [0.77281475, 0.57019928],
       [0.5279459 , 0.58359733],
       [0.37144383, 0.51081689],
       [0.59314148, 0.50113575],
       [0.6040943 , 0.41321832],
       [0.41039341, 0.50777655],
       [0.82603962, 0.4554224 ],
       [0.72695276, 0.45513364],
       [0.69102776, 0.44680315],
       [0.49464747, 0.59913362],
       [0.45162154, 0.38916689],
       [0.70084006, 0.59731404],
       [0.67409496, 0.62090519],
       [0.54116441, 0.36467255],
       [0.80096205, 0.51924222],
       [0.57870429, 0.49974492],
       [0.69501453, 0.38727387],
       [0.8392052 , 0.46532935],
       [0.5159563 , 0.54544201],
       [0.81954022, 0.42856487],
       [0.71456574, 0.4858516 ],
       [0.4507776 , 0.59488152],
       [0.74827832, 0.50757072],
       [0.44953931, 0.39737578],
       [0.38290141, 0.52061948],
       [0.51022189, 0.55665266],
       [0.8036857 , 0.45190602],
       [0.50625353, 0.47225319],
       [0.72235162, 0.38719662],
       [0.60128005, 0.52014279],
       [0.59221172, 0.61524438],
       [0.49326415, 0.61980174],
       [0.51975816, 0.60830708],
       [0.57821187, 0.53382724],
       [0.57560323, 0.40748259],
       [0.5480002 , 0.54306059],
       [0.49169832, 0.5656608 ],
       [0.56757962, 0.52715948],
       [0.44218342, 0.40548506],
       [0.52746905, 0.42215627],
       [0.49725121, 0.3898365 ],
       [0.40105286, 0.55462988],
       [0.52792384, 0.60121925],
       [0.56781778, 0.52574115],
       [0.5905184 , 0.62259447],
       [0.80847968, 0.56186219],
       [0.77529158, 0.58829946],
       [0.41509611, 0.59119185],
       [0.40581232, 0.52929243],
       [0.44572789, 0.39280165],
       [0.58848241, 0.45597976],
       [0.75887778, 0.38996546],
       [0.39276543, 0.53482952],
       [0.68845541, 0.61805701],
       [0.76955568, 0.45310513],
       [0.41510867, 0.44671974],
       [0.40592692, 0.54418197],
       [0.44474292, 0.53685581],
       [0.54870064, 0.55702838],
       [0.55992577, 0.6441701 ],
       [0.46051144, 0.45686769],
       [0.56946411, 0.4081901 ],
       [0.46320409, 0.48379669],
       [0.79353978, 0.54685211],
       [0.45568183, 0.40945784],
       [0.50200351, 0.58765814],
       [0.49117656, 0.36809113],
       [0.58021125, 0.59675801],
       [0.7891623 , 0.51742667],
       [0.48183511, 0.418268  ],
       [0.67788622, 0.55192136],
       [0.41038303, 0.51319122],
       [0.70436578, 0.60693129],
       [0.39095341, 0.44131816],
       [0.77594248, 0.39833533],
       [0.43133111, 0.56751591],
       [0.41829628, 0.43241645],
       [0.59333146, 0.5012412 ],
       [0.53913677, 0.6242701 ],
       [0.63272012, 0.40949104],
       [0.8153981 , 0.44850341],
       [0.5254549 , 0.44519222],
       [0.56680025, 0.54054282],
       [0.4048805 , 0.44638054],
       [0.45456472, 0.62157018],
       [0.39612905, 0.41599963],
       [0.66485904, 0.44963157],
       [0.5635413 , 0.56468263],
       [0.65546497, 0.39257157],
       [0.61389004, 0.38711116],
       [0.7062767 , 0.40550875],
       [0.69533225, 0.63720013],
       [0.51330644, 0.53567679],
       [0.72404033, 0.37220244],
       [0.57828496, 0.50534352],
       [0.67729064, 0.55095385],
       [0.66552759, 0.64207555],
       [0.61869258, 0.5730854 ],
       [0.49269318, 0.46537794],
       [0.59245647, 0.40861174],
       [0.40122898, 0.47429344],
       [0.49981919, 0.50131855],
       [0.72242687, 0.49506331],
       [0.52504343, 0.6350059 ],
       [0.67561732, 0.63024176],
       [0.53138039, 0.61948015],
       [0.81511689, 0.49729104],
       [0.81416769, 0.55811245],
       [0.56823362, 0.37542314],
       [0.53993596, 0.52069696],
       [0.5608404 , 0.63606606],
       [0.48424155, 0.36878542],
       [0.6297102 , 0.56911978],
       [0.70170221, 0.4160684 ],
       [0.53927308, 0.42827217],
       [0.59249361, 0.53474836],
       [0.527148  , 0.54399256],
       [0.54537131, 0.41467232],
       [0.52838259, 0.54001297],
       [0.63038138, 0.43954856],
       [0.7808441 , 0.46364332],
       [0.60307781, 0.59109344],
       [0.58209865, 0.46043593],
       [0.4778978 , 0.51117772],
       [0.43240668, 0.54447099],
       [0.72854205, 0.37369145],
       [0.55095727, 0.48975864],
       [0.81110828, 0.45508059],
       [0.48904588, 0.53842822],
       [0.56536247, 0.44748513],
       [0.61653369, 0.58393725],
       [0.61160214, 0.51970951],
       [0.42383908, 0.60305025],
       [0.62124498, 0.47491057],
       [0.80965043, 0.48425489],
       [0.77073993, 0.39431082],
       [0.58683932, 0.36679093],
       [0.43504174, 0.48048155],
       [0.56156545, 0.41987944],
       [0.48847086, 0.47301665],
       [0.49437438, 0.58544919],
       [0.75092791, 0.39965658],
       [0.42569464, 0.41830833],
       [0.48035158, 0.39725866],
       [0.69556782, 0.38814803],
       [0.74074592, 0.46870317],
       [0.47389655, 0.62946055],
       [0.60565166, 0.48384933],
       [0.47743636, 0.44626955],
       [0.71695454, 0.62075985],
       [0.70963251, 0.47007592],
       [0.78587733, 0.57467532],
       [0.56161103, 0.40955527],
       [0.81997864, 0.49577044],
       [0.77666718, 0.51666013],
       [0.64463613, 0.61249633],
       [0.56193801, 0.6359112 ],
       [0.46803217, 0.53086096],
       [0.40201002, 0.53421406],
       [0.61379453, 0.57829059],
       [0.48876828, 0.52499342],
       [0.82575773, 0.55004718],
       [0.63795515, 0.54664827],
       [0.56534433, 0.57824017],
       [0.73493431, 0.45025588],
       [0.54600562, 0.39366949],
       [0.51728892, 0.47456911],
       [0.6515704 , 0.43719449],
       [0.3904958 , 0.41958592],
       [0.47401853, 0.39161096],
       [0.72299276, 0.57247922],
       [0.55500752, 0.38194426],
       [0.47314292, 0.52543101],
       [0.48929326, 0.38930875],
       [0.58063292, 0.53729713],
       [0.54260686, 0.5090683 ],
       [0.51801464, 0.46261102],
       [0.66000627, 0.38028278],
       [0.58923768, 0.57001745],
       [0.49155913, 0.62116825],
       [0.72681053, 0.45755104],
       [0.64781486, 0.51531981],
       [0.55415877, 0.54277811],
       [0.61888547, 0.42107478],
       [0.56164056, 0.54878494],
       [0.37784521, 0.53467091],
       [0.76285319, 0.43631246],
       [0.50560686, 0.56398258],
       [0.82876995, 0.49738473],
       [0.66082507, 0.55878997],
       [0.42453707, 0.42962996],
       [0.66550896, 0.58941873],
       [0.40731818, 0.46959994],
       [0.57607338, 0.50075134],
       [0.597244  , 0.50572605],
       [0.68960477, 0.41070457],
       [0.58523437, 0.37867965],
       [0.45092932, 0.43933234],
       [0.77845336, 0.50839563],
       [0.66505173, 0.4516515 ],
       [0.63285064, 0.53894725],
       [0.51927537, 0.39485424],
       [0.7920977 , 0.5189882 ],
       [0.71802562, 0.42259906],
       [0.39684101, 0.43151288],
       [0.5367848 , 0.52757606],
       [0.54627546, 0.39045037],
       [0.51980972, 0.5415888 ],
       [0.62156437, 0.42726267],
       [0.68240948, 0.37640408],
       [0.41742987, 0.51140438],
       [0.70915466, 0.42167969],
       [0.47749894, 0.41894438],
       [0.58350496, 0.61079421],
       [0.58961094, 0.59650297],
       [0.55389468, 0.59299389],
       [0.70668345, 0.51593948],
       [0.69575504, 0.38293466],
       [0.57786368, 0.58418225],
       [0.57300536, 0.44394347],
       [0.49460938, 0.4574409 ],
       [0.62636421, 0.62699199],
       [0.37062459, 0.53413867],
       [0.49366789, 0.38751382],
       [0.6294421 , 0.50558117],
       [0.45362729, 0.59411822],
       [0.68822352, 0.59211474],
       [0.54084254, 0.41492343],
       [0.67369225, 0.56361786],
       [0.79682006, 0.52786618],
       [0.77507576, 0.43949055],
       [0.43474811, 0.49273024],
       [0.56310855, 0.54677786],
       [0.53080636, 0.4169713 ],
       [0.54747502, 0.52055802],
       [0.7996878 , 0.5681964 ],
       [0.46260958, 0.58075668],
       [0.57475169, 0.5565561 ],
       [0.60244917, 0.45440981],
       [0.79400046, 0.52032974],
       [0.42635499, 0.51589348],
       [0.68982963, 0.60785655],
       [0.45665792, 0.55490238],
       [0.6035709 , 0.43096443],
       [0.72814082, 0.41270846],
       [0.74078968, 0.44344692],
       [0.49029632, 0.57685657],
       [0.53559914, 0.60915548],
       [0.44473685, 0.42900651],
       [0.44089667, 0.48711394],
       [0.7886677 , 0.56683317],
       [0.78467792, 0.51268075],
       [0.43916488, 0.52930696],
       [0.79035277, 0.4978696 ],
       [0.40936867, 0.44583603],
       [0.53651056, 0.50727997],
       [0.66256783, 0.35651103],
       [0.59458876, 0.46874586],
       [0.5936414 , 0.45526825],
       [0.37961114, 0.45134001],
       [0.40917242, 0.53880184],
       [0.77468176, 0.60693815],
       [0.70425109, 0.37546542],
       [0.63816254, 0.45760935],
       [0.67454262, 0.3881669 ],
       [0.59824219, 0.42898448],
       [0.67008103, 0.5137469 ],
       [0.50022409, 0.57958926],
       [0.71035256, 0.45520339],
       [0.54047506, 0.4697964 ],
       [0.7510717 , 0.58151776],
       [0.53365461, 0.58645798],
       [0.52093911, 0.37628888],
       [0.77926891, 0.4687575 ],
       [0.62511492, 0.3985924 ],
       [0.63797247, 0.54485482],
       [0.82441655, 0.48740283],
       [0.4965677 , 0.45990796],
       [0.56902701, 0.55849173],
       [0.43833181, 0.50544155],
       [0.83440388, 0.48022915],
       [0.7479664 , 0.39539856],
       [0.72126416, 0.47125836],
       [0.69965351, 0.41722243],
       [0.53681326, 0.55363552],
       [0.67326503, 0.46736479],
       [0.72424298, 0.56024882],
       [0.56845736, 0.52544251],
       [0.51853306, 0.40795567],
       [0.51433099, 0.55537216],
       [0.50791693, 0.50278395],
       [0.45972654, 0.41639079],
       [0.64108412, 0.41922231],
       [0.4540971 , 0.39761387],
       [0.60981454, 0.37528088],
       [0.54594215, 0.42888495],
       [0.76771649, 0.5593807 ],
       [0.55197848, 0.44355837],
       [0.79037638, 0.42074966],
       [0.84044158, 0.49874532],
       [0.51128735, 0.63223146],
       [0.50308554, 0.50117187],
       [0.47622095, 0.55423608],
       [0.67781004, 0.54048205],
       [0.80990249, 0.4499838 ],
       [0.82841245, 0.54264305],
       [0.38717831, 0.52406478],
       [0.69074696, 0.55607867],
       [0.57063458, 0.56223202],
       [0.48283061, 0.53604631],
       [0.69749469, 0.41917888],
       [0.79662465, 0.57238889],
       [0.67101648, 0.53321081],
       [0.80969905, 0.4340446 ],
       [0.64005818, 0.57844449],
       [0.59510632, 0.42936711],
       [0.57137682, 0.61236502],
       [0.74590817, 0.49939479],
       [0.76029022, 0.50735534],
       [0.63451198, 0.52256132],
       [0.76433834, 0.53846993],
       [0.62177495, 0.59477954],
       [0.43218589, 0.41897138],
       [0.55773053, 0.41617072],
       [0.73576953, 0.42037301],
       [0.72619941, 0.50527197],
       [0.55402629, 0.46498257],
       [0.59981596, 0.36958551],
       [0.69684589, 0.37509972],
       [0.61876074, 0.62697078],
       [0.74741428, 0.41542946],
       [0.74791197, 0.49190938],
       [0.68392193, 0.47393357],
       [0.46844308, 0.40105257],
       [0.74686631, 0.39894926],
       [0.58518136, 0.48464465],
       [0.46586519, 0.56170009],
       [0.45733614, 0.38509058],
       [0.63545776, 0.58175713],
       [0.73249953, 0.55708096],
       [0.58640133, 0.5731244 ],
       [0.69765564, 0.54472724],
       [0.61589975, 0.46503341],
       [0.77201237, 0.46687306],
       [0.51556822, 0.61360781],
       [0.72076644, 0.56998261],
       [0.66388004, 0.63453896],
       [0.80202663, 0.47893567],
       [0.61107877, 0.4019791 ],
       [0.80693631, 0.4968731 ],
       [0.38738973, 0.48611986],
       [0.53699481, 0.35871447],
       [0.49257324, 0.3751321 ],
       [0.52391658, 0.52332869],
       [0.50960864, 0.36935818],
       [0.65616383, 0.42937617],
       [0.39656368, 0.51739819],
       [0.77386472, 0.39294816],
       [0.64616464, 0.44458256],
       [0.7860704 , 0.44854222],
       [0.61744297, 0.63049367],
       [0.51240045, 0.63042961],
       [0.6871143 , 0.56121026],
       [0.52944158, 0.50417599],
       [0.51887124, 0.36207231],
       [0.54230238, 0.53978097],
       [0.64670343, 0.44170175],
       [0.71591566, 0.60814649],
       [0.82247455, 0.50505529],
       [0.5721555 , 0.45402564],
       [0.53805165, 0.52676397],
       [0.67726233, 0.45760199],
       [0.35214182, 0.48181326],
       [0.59652656, 0.43238347],
       [0.7742109 , 0.4733208 ],
       [0.77025611, 0.40142862],
       [0.77682644, 0.47834548],
       [0.79423859, 0.41553196],
       [0.4272526 , 0.58292169],
       [0.81739538, 0.56189946],
       [0.76798496, 0.55902446],
       [0.36358895, 0.54412996],
       [0.36477256, 0.52614437],
       [0.64491664, 0.48173136],
       [0.51786661, 0.39325521],
       [0.74689436, 0.53754649],
       [0.66575744, 0.54651691],
       [0.77758243, 0.53153019],
       [0.73043008, 0.59416671],
       [0.61181142, 0.60760915],
       [0.67181016, 0.64283432],
       [0.43864586, 0.45011975],
       [0.63776474, 0.42509748],
       [0.3753804 , 0.51465808],
       [0.47843325, 0.53281131],
       [0.79067795, 0.44511485],
       [0.64213057, 0.59921399],
       [0.77412415, 0.57631947],
       [0.6387822 , 0.3609567 ],
       [0.44070454, 0.44564466],
       [0.41319752, 0.58026538],
       [0.52249933, 0.4939231 ],
       [0.69398699, 0.57922658],
       [0.66447123, 0.61290865],
       [0.81623059, 0.54699947],
       [0.72883063, 0.43391337],
       [0.66912759, 0.5923543 ],
       [0.76051778, 0.60704877],
       [0.57421975, 0.48097199],
       [0.36274875, 0.54383393],
       [0.59269963, 0.60626632],
       [0.68087995, 0.57435921],
       [0.492482  , 0.42974019],
       [0.72889721, 0.54561049],
       [0.77566923, 0.53298217],
       [0.76357428, 0.46808262],
       [0.60537124, 0.47224198],
       [0.72320122, 0.42010661],
       [0.67291014, 0.45137551],
       [0.54588076, 0.36494201],
       [0.43271787, 0.58856537],
       [0.36827507, 0.5021494 ],
       [0.51550318, 0.55725388],
       [0.48430936, 0.47508557],
       [0.56212805, 0.60394325],
       [0.66114247, 0.51393737],
       [0.48507189, 0.47234524],
       [0.48424123, 0.5401164 ],
       [0.82306212, 0.55348833],
       [0.42138338, 0.57141319],
       [0.52296655, 0.39527962],
       [0.76780556, 0.55622723],
       [0.41445431, 0.52611306],
       [0.79212696, 0.5093901 ],
       [0.74427845, 0.51242002],
       [0.70638018, 0.4941231 ],
       [0.62599008, 0.5670933 ],
       [0.81671796, 0.54337776],
       [0.72618988, 0.43095918],
       [0.54630319, 0.64464566],
       [0.8166382 , 0.56575092],
       [0.39779351, 0.58076774],
       [0.84387792, 0.48825584],
       [0.58999037, 0.4660926 ],
       [0.77041179, 0.54953049],
       [0.82811008, 0.49739104],
       [0.47795974, 0.61736718],
       [0.50717383, 0.51942997],
       [0.58276686, 0.5525302 ],
       [0.56139239, 0.5316616 ],
       [0.47556083, 0.37147756],
       [0.40653849, 0.53192437],
       [0.46887176, 0.45275471],
       [0.64639908, 0.45909958],
       [0.48914765, 0.52297565],
       [0.46650279, 0.41897543],
       [0.54061531, 0.58500144],
       [0.44544529, 0.40692461],
       [0.44720578, 0.3870323 ],
       [0.7775188 , 0.42584686],
       [0.45489213, 0.40014774],
       [0.45914389, 0.45748996],
       [0.69537541, 0.56619847],
       [0.72698826, 0.61389263],
       [0.72456616, 0.39956949],
       [0.72117263, 0.46902795],
       [0.69558783, 0.63639085],
       [0.63358861, 0.57655702],
       [0.67386513, 0.48369603],
       [0.62864646, 0.50312676],
       [0.71225912, 0.60185002],
       [0.58163865, 0.57714604],
       [0.49131021, 0.42638032],
       [0.70845465, 0.36726472],
       [0.606912  , 0.53740121],
       [0.41785583, 0.4243065 ],
       [0.64435374, 0.35437336],
       [0.48369686, 0.61822712],
       [0.49426761, 0.43490668],
       [0.53347348, 0.56717565],
       [0.51673504, 0.39520381],
       [0.68228824, 0.55919751],
       [0.46570977, 0.51614676],
       [0.44081493, 0.55138881],
       [0.82765314, 0.45871479],
       [0.59698793, 0.62717815],
       [0.78898053, 0.49374097],
       [0.49893749, 0.41845482],
       [0.64200026, 0.39312798],
       [0.77655516, 0.58992006],
       [0.7392041 , 0.40107648],
       [0.59414118, 0.55361965],
       [0.3892858 , 0.5794263 ],
       [0.65761517, 0.53504468],
       [0.50679894, 0.36755196],
       [0.52839781, 0.59909712],
       [0.40327691, 0.43219133],
       [0.47388422, 0.55366965],
       [0.51038013, 0.43705226],
       [0.44725253, 0.49147518],
       [0.61956053, 0.41712402],
       [0.64163152, 0.6284921 ],
       [0.48411861, 0.53372454],
       [0.66749368, 0.47888674],
       [0.54107555, 0.42960466],
       [0.48405142, 0.45113049],
       [0.65326773, 0.43473775],
       [0.49986728, 0.39029034],
       [0.67980759, 0.56357374],
       [0.50300627, 0.41925867],
       [0.70723333, 0.52897705],
       [0.52112568, 0.37449275],
       [0.49924451, 0.52677054],
       [0.43154193, 0.52322435],
       [0.51719034, 0.54718538],
       [0.68095412, 0.37697072],
       [0.45691282, 0.41565448],
       [0.65730085, 0.62093609],
       [0.65541132, 0.57655037],
       [0.6866644 , 0.54567403],
       [0.57108111, 0.61975158],
       [0.54295318, 0.60112732],
       [0.43366115, 0.55102397],
       [0.71859683, 0.49785616],
       [0.58588841, 0.42167572],
       [0.76477517, 0.56932969],
       [0.67499443, 0.48124879],
       [0.44104713, 0.57776821],
       [0.44732078, 0.58009455],
       [0.48303766, 0.41135499],
       [0.71700268, 0.61417576],
       [0.74135251, 0.5410751 ],
       [0.38097815, 0.50176339],
       [0.57990887, 0.54937145],
       [0.39553824, 0.5434801 ],
       [0.51912385, 0.47302913],
       [0.54661246, 0.43124221],
       [0.70642373, 0.56791518],
       [0.69496117, 0.58243545],
       [0.5676164 , 0.40158062],
       [0.63040442, 0.49867376],
       [0.58789939, 0.58277248],
       [0.48199578, 0.52883866],
       [0.7118005 , 0.47686025],
       [0.50782558, 0.50031664],
       [0.40360169, 0.44551073],
       [0.6382182 , 0.55072185],
       [0.50172482, 0.36364142],
       [0.53495712, 0.58804614],
       [0.74210475, 0.51683822],
       [0.35565795, 0.48871068],
       [0.6191405 , 0.56721691],
       [0.70734616, 0.50427843],
       [0.82708963, 0.56127548],
       [0.49283303, 0.4981493 ],
       [0.59982503, 0.62275969],
       [0.70109564, 0.44112395],
       [0.39654725, 0.58481876],
       [0.58618757, 0.60510562],
       [0.82710442, 0.53812903],
       [0.51424821, 0.37208925],
       [0.54666793, 0.40528241],
       [0.4041352 , 0.42240391],
       [0.52057099, 0.49442426],
       [0.69459966, 0.43276353],
       [0.72584497, 0.58787525],
       [0.7205137 , 0.46888578],
       [0.36136108, 0.48057552],
       [0.35581154, 0.50337864],
       [0.68628016, 0.48435981],
       [0.51273278, 0.35950887],
       [0.53412574, 0.48171362],
       [0.71198376, 0.48057463],
       [0.60461663, 0.60487788],
       [0.70962154, 0.43499103],
       [0.6662492 , 0.39063951],
       [0.54292083, 0.44199773],
       [0.56361762, 0.46906151],
       [0.77065031, 0.4417817 ],
       [0.37363955, 0.52447871],
       [0.58418431, 0.41555995],
       [0.458257  , 0.54115065],
       [0.41022626, 0.57173973],
       [0.55629379, 0.45047858],
       [0.5346426 , 0.36795923],
       [0.73441423, 0.4317989 ],
       [0.65738421, 0.43683621],
       [0.50869517, 0.36321565],
       [0.58306398, 0.42608381],
       [0.84287389, 0.47905818],
       [0.68440663, 0.5637328 ],
       [0.65857684, 0.47684853],
       [0.44465377, 0.51281171],
       [0.71799916, 0.46006721],
       [0.76402568, 0.53830099],
       [0.49184929, 0.37268857],
       [0.57314142, 0.45167331],
       [0.75619081, 0.54072038],
       [0.78140235, 0.5837682 ],
       [0.74495772, 0.57177982],
       [0.4984789 , 0.54218362],
       [0.35177723, 0.50155897],
       [0.41814629, 0.51521938],
       [0.39448603, 0.58387491],
       [0.84842129, 0.49730647],
       [0.19967777, 0.83505951],
       [0.20890637, 0.84693239],
       [0.19839735, 0.85492648],
       [0.4676216 , 0.71226148],
       [0.61147292, 0.78160473],
       [0.48573598, 0.74908128],
       [0.26316756, 0.79875606],
       [0.2616471 , 0.72612055],
       [0.58993326, 0.85894528],
       [0.4788623 , 0.92515564],
       [0.2171415 , 0.89235508],
       [0.47953565, 0.76326089],
       [0.30003663, 0.90698556],
       [0.49890754, 0.73705627],
       [0.32578464, 0.84699326],
       [0.26080492, 0.79088974],
       [0.51174414, 0.84985015],
       [0.53703241, 0.82552046],
       [0.51568761, 0.79585581],
       [0.27145149, 0.90310229],
       [0.51521197, 0.67505736],
       [0.44440877, 0.74540551],
       [0.23927098, 0.85361042],
       [0.46791996, 0.70909165],
       [0.41395791, 0.74653152],
       [0.21490548, 0.8697744 ],
       [0.17417462, 0.84495246],
       [0.35009566, 0.69883406],
       [0.46967296, 0.72934739],
       [0.20697382, 0.74254721],
       [0.21724466, 0.84799092],
       [0.52275061, 0.77908598],
       [0.30873327, 0.81987351],
       [0.49581989, 0.90728296],
       [0.30700533, 0.6694358 ],
       [0.49136231, 0.68719183],
       [0.22594297, 0.72585551],
       [0.17268606, 0.77990473],
       [0.29635087, 0.8357781 ],
       [0.56397979, 0.89724486],
       [0.48970752, 0.91996592],
       [0.42969962, 0.94221149],
       [0.23681033, 0.87528906],
       [0.47197126, 0.83499468],
       [0.37103586, 0.87092005],
       [0.55328975, 0.73821977],
       [0.21239916, 0.89846857],
       [0.53201351, 0.68756087],
       [0.25296258, 0.81617725],
       [0.61612501, 0.75403057],
       [0.54518368, 0.75309276],
       [0.52933348, 0.73672259],
       [0.52579287, 0.71029   ],
       [0.57532877, 0.84084298],
       [0.28610314, 0.72189923],
       [0.27963236, 0.78639469],
       [0.5797366 , 0.82619354],
       [0.46582565, 0.68624593],
       [0.61640505, 0.84457587],
       [0.32055983, 0.74951481],
       [0.27949523, 0.83261405],
       [0.22067676, 0.75140524],
       [0.2994455 , 0.75436819],
       [0.35505703, 0.81599874],
       [0.59980962, 0.73320341],
       [0.35897048, 0.78905712],
       [0.51564347, 0.92574056],
       [0.46558225, 0.76424128],
       [0.52546115, 0.79612348],
       [0.40295497, 0.72707062],
       [0.22337078, 0.84368864],
       [0.45178392, 0.81449763],
       [0.64430573, 0.82969103],
       [0.40592851, 0.68081355],
       [0.54421953, 0.86865041],
       [0.52326319, 0.69862459],
       [0.4840545 , 0.72765519],
       [0.35317428, 0.83776252],
       [0.4728072 , 0.82805034],
       [0.17816783, 0.84081021],
       [0.38921499, 0.74338092],
       [0.38403738, 0.77169108],
       [0.45122758, 0.76384545],
       [0.58637966, 0.75112843],
       [0.407624  , 0.90042685],
       [0.25706034, 0.70883208],
       [0.27818852, 0.83349034],
       [0.27641701, 0.81788791],
       [0.4778046 , 0.73596194],
       [0.54105489, 0.76152272],
       [0.32384021, 0.72180889],
       [0.50927471, 0.72051602],
       [0.52894743, 0.89621464],
       [0.61500424, 0.84044837],
       [0.16440511, 0.81538171],
       [0.3461112 , 0.90028429],
       [0.48655858, 0.93341544],
       [0.39793745, 0.88789703],
       [0.32112081, 0.71876353],
       [0.27555197, 0.92971371],
       [0.36402641, 0.72761867],
       [0.34547382, 0.70286404],
       [0.28978063, 0.92813091],
       [0.26242567, 0.87860642],
       [0.3968622 , 0.84697646],
       [0.25282112, 0.79692815],
       [0.40137808, 0.8429455 ],
       [0.44517706, 0.79465103],
       [0.57707753, 0.69670344],
       [0.38113158, 0.73959786],
       [0.38559545, 0.93847151],
       [0.54373587, 0.68131939],
       [0.41893795, 0.70713094],
       [0.57860885, 0.79568159],
       [0.1751156 , 0.82424333],
       [0.3083636 , 0.77030958],
       [0.55163687, 0.91682143],
       [0.39904869, 0.86331146],
       [0.45819979, 0.90437831],
       [0.32627519, 0.74458322],
       [0.37591748, 0.83549138],
       [0.5691101 , 0.86616   ],
       [0.43287162, 0.8382106 ],
       [0.33803648, 0.70559505],
       [0.25831371, 0.67684594],
       [0.26586432, 0.78837236],
       [0.37342816, 0.81729475],
       [0.18641288, 0.74956524],
       [0.3193117 , 0.74683818],
       [0.34816292, 0.69489447],
       [0.25279121, 0.77461645],
       [0.25083446, 0.90138793],
       [0.24338405, 0.84590278],
       [0.21038691, 0.70530175],
       [0.54041749, 0.70422869],
       [0.58639362, 0.87761369],
       [0.5316166 , 0.92210944],
       [0.274206  , 0.84022124],
       [0.21689706, 0.89319029],
       [0.39922027, 0.8505615 ],
       [0.35973819, 0.83070443],
       [0.52450276, 0.67652955],
       [0.51475901, 0.84624508],
       [0.24939969, 0.82079132],
       [0.27466494, 0.67047048],
       [0.21737235, 0.8960863 ],
       [0.42773159, 0.65955373],
       [0.38735088, 0.93892403],
       [0.33326169, 0.74072423],
       [0.33494765, 0.83703397],
       [0.60423393, 0.82784124],
       [0.31197733, 0.93010342],
       [0.47360997, 0.83807511],
       [0.530295  , 0.90706993],
       [0.31376258, 0.73899132],
       [0.53603055, 0.76459278],
       [0.35000768, 0.94088369],
       [0.56137052, 0.75113578],
       [0.53684624, 0.7240363 ],
       [0.31112942, 0.69761072],
       [0.42712965, 0.83667053],
       [0.18705846, 0.79939243],
       [0.38352594, 0.80460467],
       [0.42669032, 0.94432282],
       [0.47896591, 0.70100333],
       [0.36562867, 0.71607136],
       [0.60807875, 0.81479497],
       [0.52764884, 0.73194403],
       [0.39010468, 0.90095847],
       [0.54257008, 0.78552083],
       [0.42248647, 0.72657782],
       [0.37362397, 0.88913662],
       [0.3629434 , 0.78340687],
       [0.46439719, 0.81748832],
       [0.36615128, 0.80050351],
       [0.22497605, 0.7939101 ],
       [0.32848197, 0.79265387],
       [0.4329499 , 0.75504688],
       [0.21265488, 0.82293313],
       [0.54916352, 0.79659353],
       [0.24230862, 0.86734568],
       [0.25476019, 0.75597235],
       [0.58941711, 0.82425511],
       [0.38114199, 0.73494706],
       [0.4900436 , 0.89993127],
       [0.25004534, 0.91149238],
       [0.61726758, 0.81778147],
       [0.22793222, 0.71961267],
       [0.50800272, 0.67813217],
       [0.50998204, 0.82782161],
       [0.16826276, 0.77253204],
       [0.62667889, 0.73762492],
       [0.21741892, 0.89990836],
       [0.34000577, 0.66132992],
       [0.52709493, 0.67772827],
       [0.45435343, 0.94344066],
       [0.46936456, 0.82340801],
       [0.5873255 , 0.8933078 ],
       [0.58879158, 0.77446763],
       [0.34051671, 0.93704218],
       [0.42842414, 0.81415845],
       [0.5150159 , 0.66894102],
       [0.34608076, 0.79344647],
       [0.36998817, 0.75787635],
       [0.50949286, 0.87646193],
       [0.23492575, 0.87671463],
       [0.40247449, 0.70384741],
       [0.52375734, 0.79807199],
       [0.45294215, 0.8649992 ],
       [0.55464823, 0.80742241],
       [0.30231551, 0.87914099],
       [0.20239352, 0.77067492],
       [0.30187279, 0.93645755],
       [0.29677848, 0.84781708],
       [0.6135316 , 0.85966872],
       [0.26875805, 0.8227126 ],
       [0.59929757, 0.78332116],
       [0.33443274, 0.88000214],
       [0.46204438, 0.76042168],
       [0.37856525, 0.89189731],
       [0.49853968, 0.74345413],
       [0.31777222, 0.75098812],
       [0.59114763, 0.82540409],
       [0.62906496, 0.79895616],
       [0.29613799, 0.90158366],
       [0.38685387, 0.73310906],
       [0.27264134, 0.85104949],
       [0.38795481, 0.84042261],
       [0.39020342, 0.85688299],
       [0.47445285, 0.77436242],
       [0.52017413, 0.78037269],
       [0.29318919, 0.90627746],
       [0.31000119, 0.73923553],
       [0.37657268, 0.7651477 ],
       [0.18156352, 0.80247143],
       [0.47389973, 0.69075324],
       [0.40211925, 0.85707337],
       [0.46262693, 0.77910907],
       [0.32250559, 0.86437894],
       [0.29088788, 0.68380723],
       [0.27514865, 0.84365993],
       [0.36872294, 0.7899308 ],
       [0.54212477, 0.86558223],
       [0.2106938 , 0.83966744],
       [0.43241016, 0.84737066],
       [0.37967016, 0.83768208],
       [0.27118549, 0.79504686],
       [0.34777713, 0.66421683],
       [0.49872386, 0.68485372],
       [0.54774749, 0.7560289 ],
       [0.50106667, 0.70628751],
       [0.20703922, 0.75669558],
       [0.34733173, 0.93087803],
       [0.46625923, 0.80446245],
       [0.44011371, 0.73819137],
       [0.29198963, 0.82363995],
       [0.19939011, 0.79366848],
       [0.4513553 , 0.89288167],
       [0.49686825, 0.67601895],
       [0.20599203, 0.71719251],
       [0.41361773, 0.7516801 ],
       [0.59143531, 0.74134507],
       [0.35815637, 0.78468879],
       [0.23878687, 0.75215247],
       [0.31678618, 0.89891454],
       [0.41076576, 0.77713267],
       [0.41643843, 0.79163309],
       [0.61841702, 0.78610505],
       [0.32333146, 0.90091449],
       [0.30042305, 0.77520683],
       [0.57688682, 0.71377767],
       [0.37130765, 0.76988521],
       [0.40005321, 0.7401588 ],
       [0.58040318, 0.75352069],
       [0.45215748, 0.94333046],
       [0.3231398 , 0.6742983 ],
       [0.19067162, 0.85573022],
       [0.48067889, 0.67811007],
       [0.59931642, 0.86363621],
       [0.31218812, 0.92261006],
       [0.58249525, 0.86034649],
       [0.64135647, 0.7974994 ],
       [0.61848609, 0.76993184],
       [0.60041511, 0.76541944],
       [0.37660613, 0.94618145],
       [0.36877133, 0.88192199],
       [0.62685596, 0.76214172],
       [0.44728897, 0.69063188],
       [0.38776465, 0.79139485],
       [0.59681632, 0.76466342],
       [0.16399109, 0.83546129],
       [0.3418848 , 0.87357728],
       [0.22416651, 0.77460468],
       [0.49890074, 0.73548793],
       [0.34891527, 0.75145823],
       [0.33124912, 0.87218918],
       [0.60447703, 0.86829487],
       [0.46042671, 0.82902992],
       [0.26617698, 0.75137901],
       [0.28452316, 0.92523828],
       [0.59631721, 0.81844576],
       [0.50762108, 0.81130217],
       [0.54429895, 0.80224172],
       [0.38323048, 0.84655496],
       [0.34570774, 0.93975197],
       [0.33044845, 0.77388274],
       [0.31866983, 0.79783077],
       [0.32828751, 0.82884587],
       [0.22043653, 0.79442403],
       [0.48751323, 0.85721094],
       [0.52362745, 0.80128989],
       [0.35211261, 0.77629846],
       [0.21524235, 0.69923171],
       [0.31499174, 0.89221351],
       [0.30520058, 0.67266571],
       [0.27501039, 0.77476133],
       [0.22061885, 0.70040125],
       [0.46503133, 0.76476298],
       [0.58911018, 0.81392042],
       [0.3442935 , 0.77767846],
       [0.5616994 , 0.88226046],
       [0.41557654, 0.69638552],
       [0.30563245, 0.73353098],
       [0.40960118, 0.72041746],
       [0.16883289, 0.74658339],
       [0.29791298, 0.67269705],
       [0.34338322, 0.72601421],
       [0.35828381, 0.88009513],
       [0.6060424 , 0.73415752],
       [0.53142   , 0.6724099 ],
       [0.54559366, 0.80328304],
       [0.46991176, 0.77182677],
       [0.49178213, 0.85652433],
       [0.55057127, 0.90379299],
       [0.35680843, 0.6913683 ],
       [0.57795023, 0.7046794 ],
       [0.49663393, 0.85207938],
       [0.5205207 , 0.78984396],
       [0.4328868 , 0.6562195 ],
       [0.32976469, 0.78957912],
       [0.26917386, 0.80473788],
       [0.2330669 , 0.76521415],
       [0.26988706, 0.83768835],
       [0.30794424, 0.80840542],
       [0.5357502 , 0.69655823],
       [0.40934169, 0.76718504],
       [0.5812057 , 0.84026098],
       [0.59920735, 0.71053308],
       [0.46427004, 0.82319567],
       [0.54661484, 0.73400345],
       [0.4651651 , 0.92008708],
       [0.19314047, 0.88075663],
       [0.56178612, 0.73508707],
       [0.42230459, 0.8243501 ],
       [0.47570182, 0.92063483],
       [0.52471251, 0.86971022],
       [0.29317428, 0.84949124],
       [0.59676709, 0.81624548],
       [0.33089039, 0.76823536],
       [0.49880179, 0.91527667],
       [0.35684849, 0.70238395],
       [0.52944623, 0.92493676],
       [0.3249138 , 0.70864789],
       [0.59745746, 0.82629119],
       [0.49590239, 0.91606498],
       [0.46103176, 0.7330222 ],
       [0.22867265, 0.89824569],
       [0.48945969, 0.70625641],
       [0.3812077 , 0.94155859],
       [0.39099435, 0.69901506],
       [0.2432178 , 0.80335717],
       [0.1798606 , 0.72909352],
       [0.44513687, 0.89938455],
       [0.20568167, 0.87147071],
       [0.29529633, 0.72597174]]), array([0, 0, 0, 0, 0, 0, 0, 0, 0, 0, 0, 0, 0, 0, 0, 0, 0, 0, 0, 0, 0, 0,
       0, 0, 0, 0, 0, 0, 0, 0, 0, 0, 0, 0, 0, 0, 0, 0, 0, 0, 0, 0, 0, 0,
       0, 0, 0, 0, 0, 0, 0, 0, 0, 0, 0, 0, 0, 0, 0, 0, 0, 0, 0, 0, 0, 0,
       0, 0, 0, 0, 0, 0, 0, 0, 0, 0, 0, 0, 0, 0, 0, 0, 0, 0, 0, 0, 0, 0,
       0, 0, 0, 0, 0, 0, 0, 0, 0, 0, 0, 0, 0, 0, 0, 0, 0, 0, 0, 0, 0, 0,
       0, 0, 0, 0, 0, 0, 0, 0, 0, 0, 0, 0, 0, 0, 0, 0, 0, 0, 0, 0, 0, 0,
       0, 0, 0, 0, 0, 0, 0, 0, 0, 0, 0, 0, 0, 0, 0, 0, 0, 0, 0, 0, 0, 0,
       0, 0, 0, 0, 0, 0, 0, 0, 0, 0, 0, 0, 0, 0, 0, 0, 0, 0, 0, 0, 0, 0,
       0, 0, 0, 0, 0, 0, 0, 0, 0, 0, 0, 0, 0, 0, 0, 0, 0, 0, 0, 0, 0, 0,
       0, 0, 0, 0, 0, 0, 0, 0, 0, 0, 0, 0, 0, 0, 0, 0, 0, 0, 0, 0, 0, 0,
       0, 0, 0, 0, 0, 0, 0, 0, 0, 0, 0, 0, 0, 0, 0, 0, 0, 0, 0, 0, 0, 0,
       0, 0, 0, 0, 0, 0, 0, 0, 0, 0, 0, 0, 0, 0, 0, 0, 0, 0, 0, 0, 0, 0,
       0, 0, 0, 0, 0, 0, 0, 0, 0, 0, 0, 0, 0, 0, 0, 0, 0, 0, 0, 0, 0, 0,
       0, 0, 0, 0, 0, 0, 0, 0, 0, 0, 0, 0, 0, 0, 0, 0, 0, 0, 0, 0, 0, 0,
       0, 0, 0, 0, 0, 0, 0, 0, 0, 0, 0, 0, 0, 0, 0, 0, 0, 0, 0, 0, 0, 0,
       0, 0, 0, 0, 0, 0, 0, 0, 0, 0, 0, 0, 0, 0, 0, 0, 0, 0, 0, 0, 0, 0,
       0, 0, 0, 0, 0, 0, 0, 0, 0, 0, 0, 0, 0, 0, 0, 0, 0, 0, 0, 0, 0, 0,
       0, 1, 1, 1, 1, 1, 1, 1, 1, 1, 1, 1, 1, 1, 1, 1, 1, 1, 1, 1, 1, 1,
       1, 1, 1, 1, 1, 1, 1, 1, 1, 1, 1, 1, 1, 1, 1, 1, 1, 1, 1, 1, 1, 1,
       1, 1, 1, 1, 1, 1, 1, 1, 1, 1, 1, 1, 1, 1, 1, 1, 1, 1, 1, 1, 1, 1,
       1, 1, 1, 1, 1, 1, 1, 1, 1, 1, 1, 1, 1, 1, 1, 1, 1, 1, 1, 1, 1, 1,
       1, 1, 1, 1, 1, 1, 1, 1, 1, 1, 1, 1, 1, 1, 1, 1, 1, 1, 1, 1, 1, 1,
       1, 1, 1, 1, 1, 1, 1, 1, 1, 1, 1, 1, 1, 1, 1, 1, 1, 1, 1, 1, 1, 1,
       1, 1, 1, 1, 1, 1, 1, 1, 1, 1, 1, 1, 1, 1, 1, 1, 1, 1, 1, 1, 1, 1,
       1, 1, 1, 1, 1, 1, 1, 1, 1, 1, 1, 1, 1, 1, 1, 1, 1, 1, 1, 1, 1, 1,
       1, 1, 1, 1, 1, 1, 1, 1, 1, 1, 1, 1, 1, 1, 1, 1, 1, 1, 1, 1, 1, 1,
       1, 1, 1, 1, 1, 1, 1, 1, 1, 1, 1, 1, 1, 1, 1, 1, 1, 1, 1, 1, 1, 1,
       1, 1, 1, 1, 1, 1, 1, 1, 1, 1, 1, 1, 1, 1, 1, 1, 1, 1, 1, 1, 1, 1,
       1, 1, 1, 1, 1, 1, 1, 1, 1, 1, 1, 1, 1, 1, 1, 1, 1, 1, 1, 1, 1, 1,
       1, 1, 1, 1, 1, 1, 1, 1, 1, 1, 1, 1, 1, 1, 1, 1, 1, 1, 1, 1, 1, 1,
       1, 1, 1, 1, 1, 1, 1, 1, 1, 1, 1, 1, 1, 1, 1, 1, 1, 1, 1, 1, 1, 1,
       1, 1, 1, 1, 1, 1, 1, 1, 1, 1, 1, 1, 1, 1, 1, 1, 1, 1, 1, 1, 1, 1,
       1, 1, 1, 1, 1, 1, 1, 1, 1, 1, 1, 1, 1, 1, 1, 1, 1, 1, 1, 1, 1, 1,
       1, 1, 1, 1, 1, 1, 1, 1, 1, 1, 1, 1, 1, 1, 1, 1, 1, 1, 1, 1, 1, 1,
       1, 1, 1, 1, 1, 1, 1, 1, 1, 1, 1, 1, 1, 1, 1, 1, 1, 1, 1, 1, 1, 1,
       1, 1, 1, 1, 1, 1, 1, 1, 1, 1, 1, 1, 1, 1, 1, 1, 1, 1, 1, 1, 1, 1,
       1, 1, 1, 1, 1, 1, 1, 1, 1, 1, 1, 1, 1, 1, 1, 1, 1, 1, 1, 1, 1, 1,
       1, 1, 1, 1, 1, 1, 1, 1, 1, 1, 1, 1, 1, 1, 1, 1, 1, 1, 1, 1, 1, 1,
       1, 1, 1, 1, 1, 1, 1, 1, 1, 1, 1, 1, 1, 1, 1, 1, 1, 1, 1, 1, 1, 1,
       1, 1, 1, 1, 1, 1, 1, 1, 1, 1, 1, 1, 1, 1, 1, 1, 1, 1, 1, 1, 1, 1,
       1, 1, 1, 1, 1, 1, 1, 1, 1, 1, 1, 1, 1, 1, 1, 1, 1, 1, 1, 1, 1, 1,
       1, 1, 1, 1, 1, 1, 1, 1, 1, 1, 1, 1, 1, 1, 1, 1, 1, 1, 1, 1, 1, 1,
       1, 1, 1, 1, 1, 1, 1, 1, 1, 1, 1, 1, 1, 1, 1, 1, 1, 1, 1, 1, 1, 1,
       1, 1, 1, 1, 1, 1, 1, 1, 1, 1, 1, 1, 1, 1, 1, 1, 1, 1, 1, 1, 1, 1,
       1, 1, 1, 1, 1, 1, 1, 1, 1, 1, 1, 1, 1, 1, 1, 1, 1, 1, 1, 1, 1, 1,
       1, 1, 1, 1, 1, 1, 1, 1, 1, 1, 1, 1, 1, 1, 1, 1, 1, 1, 1, 1, 1, 1,
       1, 1, 1, 1, 1, 1, 1, 1, 1, 1, 1, 1, 1, 1, 1, 1, 1, 1, 1, 1, 1, 1,
       1, 1, 1, 1, 1, 1, 1, 1, 1, 1, 1, 1, 1, 1, 1, 1, 1, 1, 1, 1, 1, 1,
       1, 1, 1, 1, 1, 1, 1, 1, 1, 1, 1, 1, 1, 1, 1, 1, 1, 1, 1, 1, 1, 1,
       1, 1, 1, 1, 1, 1, 1, 1, 1, 1, 1, 1, 1, 1, 1, 1, 1, 1, 1, 1, 1, 1,
       1, 1, 1, 1, 1, 1, 1, 1, 1, 1, 1, 1, 1, 1, 1, 1, 1, 1, 1, 1, 1, 1,
       1, 1, 1, 0, 0, 0, 0, 0, 0, 0, 0, 0, 0, 0, 0, 0, 0, 0, 0, 0, 0, 0,
       0, 0, 0, 0, 0, 0, 0, 0, 0, 0, 0, 0, 0, 0, 0, 0, 0, 0, 0, 0, 0, 0,
       0, 0, 0, 0, 0, 0, 0, 0, 0, 0, 0, 0, 0, 0, 0, 0, 0, 0, 0, 0, 0, 0,
       0, 0, 0, 0, 0, 0, 0, 0, 0, 0, 0, 0, 0, 0, 0, 0, 0, 0, 0, 0, 0, 0,
       0, 0, 0, 0, 0, 0, 0, 0, 0, 0, 0, 0, 0, 0, 0, 0, 0, 0, 0, 0, 0, 0,
       0, 0, 0, 0, 0, 0, 0, 0, 0, 0, 0, 0, 0, 0, 0, 0, 0, 0, 0, 0, 0, 0,
       0, 0, 0, 0, 0, 0, 0, 0, 0, 0, 0, 0, 0, 0, 0, 0, 0, 0, 0, 0, 0, 0,
       0, 0, 0, 0, 0, 0, 0, 0, 0, 0, 0, 0, 0, 0, 0, 0, 0, 0, 0, 0, 0, 0,
       0, 0, 0, 0, 0, 0, 0, 0, 0, 0, 0, 0, 0, 0, 0, 0, 0, 0, 0, 0, 0, 0,
       0, 0, 0, 0, 0, 0, 0, 0, 0, 0, 0, 0, 0, 0, 0, 0, 0, 0, 0, 0, 0, 0,
       0, 0, 0, 0, 0, 0, 0, 0, 0, 0, 0, 0, 0, 0, 0, 0, 0, 0, 0, 0, 0, 0,
       0, 0, 0, 0, 0, 0, 0, 0, 0, 0, 0, 0, 0, 0, 0, 0, 0, 0, 0, 0, 0, 0,
       0, 0, 0, 0, 0, 0, 0, 0, 0, 0, 0, 0, 0, 0, 0, 0, 0, 0, 0, 0, 0, 0,
       0, 0, 0, 0, 0, 0, 0, 0, 0, 0, 0, 0, 0, 0, 0, 0, 0, 0, 0, 0, 0, 0,
       0, 0, 0, 0, 0, 0, 0, 0, 0, 0, 0, 0, 0, 0, 0, 0, 0, 0, 0, 0, 0, 0,
       0, 0, 0, 0, 0, 0, 0, 0, 0, 0, 0, 0, 0, 0, 0, 0, 0, 0, 0, 0, 0, 0,
       0, 0, 0, 0, 0, 0, 0, 0, 0, 0, 0, 0, 0, 0, 0, 0, 0, 0, 0, 0, 0, 0,
       0, 0, 0, 0]), Counter({0: 750, 1: 750}))