0.54 0.29
0.03 0.65
0.40 0.64
0.99 0.46
0.99 0.99
0.24 0.07
0.60 0.92
0.97 0.65
0.54 0.07
0.02 0.81
0.57 0.67
0.64 0.90
0.11 0.49
0.08 0.24
0.41 0.75
0.30 0.52
0.51 0.86
0.95 0.52
0.07 0.94
0.94 0.47
0.49 0.93
0.51 0.42
0.37 0.43
0.51 0.38
0.63 0.38
0.52 0.72
0.96 0.53
0.12 0.33
0.03 0.55
0.04 0.44
0.01 0.82
0.50 0.85
0.14 0.87
0.39 0.07
0.92 0.84
0.19 0.58
0.48 0.14
0.43 0.97
0.61 0.90
0.34 0.48
0.45 0.10
0.49 0.76
0.57 0.18
0.24 0.48
0.11 0.20
0.11 0.16
0.52 0.02
0.69 0.57
0.72 0.52
0.30 0.60
0.70 0.60
0.14 0.44
0.60 0.22
0.16 0.42
0.41 0.29
0.27 0.10
0.74 0.46
0.09 0.94
0.08 0.04
0.90 0.45
0.86 0.59
0.14 0.48
0.76 0.02
0.51 0.32
0.79 0.48
0.45 0.06
0.60 0.01
0.11 0.63
0.28 0.60
0.53 0.39
0.04 0.84
0.53 0.87
0.64 0.63
0.11 0.62
0.43 0.28
0.11 0.18
0.07 0.66
0.42 0.13
0.57 0.88
0.93 0.08
0.62 0.61
0.48 0.37
0.47 0.34
0.39 0.18
0.97 0.37
0.02 0.67
0.14 0.50
0.61 0.82
0.07 0.94
0.11 0.53
0.88 0.84
0.76 0.05
0.03 0.52
0.10 0.22
0.88 0.88
0.18 1.00
0.92 0.62
0.87 0.57
0.57 0.07
0.48 0.21
0.29 0.40
0.50 0.32
0.04 0.71
0.47 0.98
0.61 0.57
0.57 0.10
0.63 0.42
0.00 0.30
0.39 0.53
0.86 0.06
0.14 0.04
0.48 0.45
0.02 0.32
0.42 0.08
0.30 0.45
0.30 0.41
0.13 0.96
0.84 0.11
0.86 0.92
0.45 0.40
0.56 0.65
0.41 0.97
0.49 0.40
0.77 0.50
0.41 0.35
0.12 0.11
0.39 0.68
0.85 0.02
0.90 0.55
0.07 0.43
0.18 0.94
0.40 0.12
0.06 0.35
0.17 0.49
0.53 0.66
0.43 0.39
0.47 0.47
0.09 0.14
0.09 0.74
0.73 0.08
0.22 0.94
0.73 0.01
0.44 0.92
0.96 0.82
0.08 0.50
0.22 0.44
0.23 0.93
0.99 0.38
0.12 0.06
0.09 0.95
0.97 0.06
0.91 0.06
0.31 0.03
0.44 0.67
0.86 0.61
0.03 0.48
0.93 0.65
0.13 0.98
0.01 0.96
0.83 0.94
0.65 0.90
0.93 0.62
0.11 0.88
0.58 0.45
0.40 0.31
0.94 0.97
0.49 0.71
0.60 0.33
0.92 0.72
0.86 0.01
0.10 0.66
0.51 0.86
0.97 0.80
0.99 0.68
0.35 0.96
0.08 0.00
0.45 0.69
0.23 0.94
0.02 0.96
0.63 0.47
0.61 0.63
0.02 0.50
0.86 0.55
0.53 0.54
0.42 0.03
0.36 0.45
0.92 0.75
0.86 0.44
0.81 0.90
0.63 0.08
0.57 0.13
0.18 0.09
0.20 0.95
0.03 0.60
0.22 0.99
0.09 0.64
0.77 0.49
0.45 0.77
0.79 0.04
0.26 0.10
0.09 0.76
0.94 0.20
0.82 0.88
0.40 0.02
0.52 0.68
0.42 0.78
0.70 0.09
0.67 0.92
0.47 0.71
0.91 0.11
0.98 0.69
0.04 0.52
0.85 0.58
0.93 0.34
0.07 0.37
0.66 0.58
0.79 0.47
0.96 0.64
0.56 0.03
0.00 0.34
0.48 0.11
0.40 0.91
0.27 0.42
0.83 0.88
0.48 0.57
0.67 0.50
0.07 0.64
0.01 0.50
0.99 0.01
0.03 0.23
0.60 0.52
0.96 0.42
0.51 0.19
0.49 0.39
0.49 0.35
0.53 0.23
0.31 0.01
0.11 0.58
0.83 0.97
0.93 0.77
0.87 0.34
0.20 0.95
0.61 0.14
0.02 0.22
0.51 0.29
0.68 0.05
0.04 0.46
0.37 0.05
0.26 0.95
0.93 0.53
0.19 0.48
0.60 0.02
0.77 0.59
0.62 0.57
0.07 0.13
0.93 0.30
0.44 0.23
0.93 0.38
0.46 0.07
0.41 0.13
0.49 0.42
0.67 0.08
0.48 0.90
0.70 0.58
0.96 0.96
0.70 0.40
0.45 1.00
0.95 0.45
0.05 0.69
0.51 0.15
0.01 0.99
0.03 0.75
0.92 0.90
0.62 0.04
0.37 0.64
0.15 0.12
0.39 0.52
0.86 0.46
0.33 0.52
0.18 0.10
0.88 0.38
0.17 0.06
0.62 0.04
0.08 0.54
0.52 0.49
0.10 0.65
0.06 0.93
0.55 0.21
0.61 0.57
0.19 0.91
0.57 0.72
0.03 0.02
0.97 0.36
0.08 0.54
0.15 0.99
0.90 0.12
0.18 0.61
0.89 0.63
0.11 0.68
0.32 0.53
0.58 0.43
0.91 0.83
0.72 0.08
0.21 0.04
0.39 0.33
0.97 0.02
0.20 0.54
0.26 1.00
0.83 0.51
0.31 0.59
0.44 0.17
0.00 0.94
0.89 0.01
0.80 0.90
0.84 0.47
0.08 0.54
0.35 0.91
0.99 0.47
0.73 0.04
0.17 0.89
0.96 0.81
0.53 0.79
0.61 0.49
0.42 0.69
0.33 0.11
0.45 0.46
0.58 0.09
0.60 0.79
0.87 0.55
0.00 0.08
0.96 0.13
0.66 0.04
0.89 0.00
0.56 0.18
0.06 0.42
1.00 0.05
0.31 0.58
0.07 0.81
0.37 0.49
0.98 0.60
0.60 0.91
0.39 0.36
0.86 0.00
0.71 0.43
0.12 0.35
0.17 0.07
0.56 0.50
0.06 0.02
0.41 0.19
0.41 0.65
0.46 0.17
0.68 0.94
0.67 0.90
0.98 0.56
0.01 0.52
0.66 0.51
0.41 0.85
0.06 0.25
0.04 0.51
0.87 0.97
0.08 0.36
0.98 0.59
0.62 0.94
0.46 0.88
0.70 0.09
0.39 0.33
0.84 0.49
0.00 0.46
0.58 0.49
0.91 0.95
0.35 0.92
0.61 0.34
0.90 0.64
0.58 0.16
0.66 0.03
0.01 0.50
0.97 0.96
1.00 0.92
0.22 0.97
0.35 0.01
0.77 0.48
0.77 0.94
0.17 0.57
0.02 0.24
0.59 0.26
0.06 0.31
0.13 0.35
0.38 0.37
0.05 0.35
0.77 0.43
0.54 0.31
0.05 0.35
0.87 0.07
0.84 0.11
0.92 0.39
0.64 0.46
0.89 0.64
0.09 0.73
0.94 0.86
0.74 0.46
0.56 0.93
0.67 0.57
0.69 0.44
0.45 0.44
0.95 0.28
0.39 0.58
0.31 0.53
0.70 0.06
0.50 0.34
0.96 0.68
0.42 0.27
0.59 0.02
0.52 0.64
0.58 0.48
0.85 0.57
0.95 0.88
0.66 0.41
0.73 0.59
0.00 0.45
0.86 0.94
0.09 0.32
0.74 0.57
1.00 0.35
0.98 0.60
0.56 0.80
0.57 0.76
0.58 0.84
0.98 0.19
0.18 0.40
0.97 0.83
0.01 0.44
0.97 0.21
0.24 0.58
0.66 0.53
0.16 0.50
0.24 0.99
0.90 0.30
0.74 1.00
0.88 0.07
0.08 0.42
0.98 0.67
0.48 0.85
0.05 0.27
0.15 0.38
0.58 0.95
0.07 0.71
0.24 0.48
0.54 0.43
0.97 0.84
0.04 0.55
0.80 0.95
0.26 0.42
0.02 0.20
0.97 0.38
0.04 0.82
0.71 0.98
0.96 0.87
0.45 0.53
0.23 0.56
0.50 0.35
0.36 0.94
1.00 0.33
0.01 0.78
0.37 0.60
0.23 0.93
0.80 0.09
0.78 0.99
0.51 0.02
0.59 0.21
0.32 0.44
0.68 0.46
0.23 0.44
0.93 0.06
0.40 0.91
0.55 0.70
0.14 0.58
0.99 0.59
0.48 0.12
0.29 0.45
0.07 0.30
0.06 0.46
0.17 0.60
0.34 0.92
0.05 0.08
0.11 0.34
0.84 0.46
0.60 0.91
0.84 1.00
0.71 0.59
0.42 0.18
0.64 0.54
0.01 0.49
0.00 0.29
0.48 0.84
0.52 0.59
0.51 0.01
0.08 0.18
0.60 0.68
0.61 0.03
0.49 0.87
0.87 0.58
0.10 0.40
0.58 0.70
0.18 0.39
0.54 0.48
0.46 0.86
0.53 0.63
0.55 0.26
0.42 0.26
0.42 0.30
0.19 0.04
0.26 0.59
0.89 0.46
0.02 0.05
0.50 0.17
0.65 0.04
0.65 0.92
0.44 0.51
0.38 0.68
0.06 0.41
0.84 0.08
0.59 0.38
0.09 0.76
0.62 0.03
0.49 0.48
0.46 0.41
0.60 0.86
0.46 0.91
0.46 0.36
0.60 0.30
0.61 0.60
0.41 0.52
0.77 0.08
0.55 0.02
0.45 0.45
0.58 1.00
0.71 0.57
0.07 0.47
0.98 0.79
0.04 0.73
0.09 0.74
0.88 0.56
0.65 0.45
1.00 0.13
0.10 0.83
0.09 0.05
0.44 0.35
0.28 0.91
0.10 0.61
0.66 0.12
0.40 0.32
0.56 0.96
0.47 0.77
0.11 0.18
0.81 0.99
0.24 0.59
0.42 0.49
0.90 0.98
0.27 0.94
0.46 0.85
0.13 0.90
0.41 0.11
0.04 0.35
0.48 0.67
0.14 0.49
0.63 0.62
0.61 0.08
0.86 0.90
0.93 1.00
0.90 0.31
0.15 0.50
0.38 0.40
0.17 0.11
0.82 0.94
0.92 0.05
0.75 0.47
0.28 0.42
0.44 0.85
0.85 0.09
0.13 0.11
0.90 0.92
0.57 0.27
0.34 1.00
0.41 0.01
0.04 0.13
0.50 0.06
0.41 0.23
0.58 0.88
0.26 0.01
0.09 0.64
0.67 0.88
0.35 0.99
0.14 0.92
0.01 0.67
0.46 0.40
0.91 0.65
0.43 0.10
0.06 0.79
0.52 0.95
0.45 0.12
0.67 0.97
0.43 0.76
0.69 1.00
0.73 0.52
0.95 0.71
0.12 0.42
0.89 0.69
0.68 0.48
0.99 0.87
0.67 0.93
0.08 0.48
0.95 0.70
0.12 0.36
0.79 0.01
0.11 0.69
0.09 0.40
0.18 0.88
1.00 0.52
0.52 0.96
0.90 0.88
0.52 0.97
0.92 0.90
0.93 0.07
0.61 0.08
0.98 0.45
0.92 0.47
0.05 0.91
0.61 0.68
0.41 0.06
0.55 0.05
0.52 0.24
0.99 0.20
0.53 0.58
0.82 0.48
0.28 0.43
0.72 0.93
0.47 0.21
0.54 0.58
0.84 0.40
0.10 0.52
0.42 0.15
0.85 0.06
0.46 0.89
0.46 0.18
0.92 0.13
0.03 0.64
0.99 0.45
0.50 0.26
0.40 0.63
0.36 0.08
0.54 0.05
0.47 0.95
0.03 0.77
0.53 0.87
0.86 0.50
0.24 0.55
0.50 0.28
0.07 0.06
0.25 0.56
0.29 0.42
0.92 0.06
0.74 0.41
0.58 0.68
0.59 0.08
0.58 0.46
0.59 0.01
0.34 0.02
0.18 0.99
0.84 0.05
0.47 0.88
0.98 0.28
0.94 0.07
0.94 0.41
0.96 0.99
0.05 0.72
0.57 0.07
0.83 1.00
0.15 0.45
0.07 0.35
0.98 0.67
0.64 0.46
0.37 0.59
0.11 0.85
0.22 0.45
0.58 0.63
0.94 0.64
0.75 0.90
0.40 0.57
0.28 0.94
0.97 0.19
0.10 0.94
0.01 0.03
0.43 0.63
0.97 0.82
0.06 0.23
0.79 0.60
0.97 0.78
0.37 0.63
0.60 0.68
0.30 0.47
0.52 0.42
0.90 0.95
0.57 0.99
0.46 0.65
0.54 0.79
0.86 0.11
0.99 0.41
0.11 0.13
0.92 0.69
0.52 0.32
0.82 0.58
0.38 0.40
0.38 0.51
0.27 0.43
0.09 0.92
0.32 0.60
0.44 0.65
0.22 0.07
0.19 0.43
0.48 0.46
0.64 0.62
0.51 0.30
0.56 0.42
0.23 1.00
0.65 0.10
0.11 0.94
0.67 0.39
0.66 0.39
0.57 0.64
0.39 0.07
0.77 0.50
0.75 0.45
0.14 0.58
0.39 0.13
0.45 0.15
0.45 0.72
0.01 0.99
0.26 0.44
0.22 0.95
0.14 0.50
0.75 0.57
0.98 0.69
0.41 0.32
0.34 0.03
0.96 0.51
0.19 0.01
0.99 0.07
0.18 0.50
0.98 0.40
0.49 0.26
0.39 0.29
0.20 0.12
0.22 0.16
0.13 0.17
0.20 0.24
0.31 0.18
0.33 0.34
0.32 0.22
0.11 0.23
0.10 0.25
0.30 0.23
0.20 0.11
0.21 0.23
0.32 0.23
0.25 0.35
0.32 0.18
0.29 0.14
0.22 0.19
0.23 0.22
0.35 0.19
0.11 0.27
0.24 0.17
0.16 0.29
0.14 0.32
0.22 0.20
0.21 0.12
0.33 0.18
0.28 0.19
0.20 0.11
0.24 0.18
0.40 0.23
0.30 0.31
0.29 0.23
0.16 0.26
0.32 0.21
0.35 0.29
0.19 0.12
0.23 0.20
0.34 0.29
0.36 0.33
0.34 0.32
0.19 0.29
0.10 0.25
0.14 0.27
0.13 0.33
0.40 0.25
0.13 0.29
0.14 0.30
0.13 0.30
0.29 0.16
0.38 0.23
0.30 0.20
0.17 0.25
0.17 0.18
0.36 0.31
0.30 0.38
0.14 0.34
0.30 0.21
0.19 0.36
0.31 0.19
0.21 0.30
0.17 0.24
0.32 0.30
0.33 0.28
0.32 0.25
0.17 0.35
0.32 0.13
0.28 0.20
0.15 0.30
0.29 0.16
0.26 0.20
0.14 0.32
0.11 0.29
0.22 0.15
0.29 0.18
0.13 0.19
0.14 0.30
0.32 0.23
0.20 0.27
0.31 0.36
0.19 0.12
0.30 0.14
0.15 0.18
0.11 0.23
0.19 0.29
0.35 0.35
0.30 0.37
0.27 0.39
0.15 0.33
0.29 0.28
0.23 0.32
0.34 0.19
0.14 0.35
0.33 0.14
0.16 0.27
0.38 0.20
0.34 0.20
0.33 0.19
0.33 0.16
0.36 0.29
0.18 0.17
0.18 0.24
0.36 0.28
0.29 0.14
0.38 0.29
0.20 0.20
0.18 0.28
0.14 0.20
0.19 0.20
0.22 0.27
0.37 0.18
0.23 0.24
0.32 0.38
0.29 0.21
0.33 0.25
0.25 0.18
0.14 0.29
0.28 0.26
0.40 0.28
0.25 0.13
0.34 0.32
0.32 0.15
0.30 0.18
0.22 0.29
0.29 0.28
0.12 0.29
0.24 0.19
0.24 0.22
0.28 0.21
0.36 0.20
0.25 0.35
0.16 0.16
0.18 0.28
0.18 0.27
0.30 0.19
0.33 0.21
0.20 0.17
0.32 0.17
0.33 0.35
0.38 0.29
0.11 0.27
0.22 0.35
0.30 0.38
0.25 0.34
0.20 0.17
0.18 0.38
0.23 0.18
0.22 0.15
0.18 0.38
0.17 0.33
0.25 0.30
0.16 0.25
0.25 0.29
0.28 0.24
0.36 0.15
0.24 0.19
0.24 0.39
0.34 0.13
0.26 0.16
0.36 0.25
0.12 0.27
0.20 0.22
0.34 0.37
0.25 0.31
0.28 0.35
0.21 0.19
0.24 0.29
0.35 0.32
0.27 0.29
0.21 0.16
0.16 0.13
0.17 0.24
0.23 0.27
0.12 0.20
0.20 0.20
0.22 0.14
0.16 0.22
0.16 0.35
0.16 0.30
0.14 0.16
0.33 0.15
0.36 0.33
0.33 0.37
0.17 0.29
0.14 0.34
0.25 0.30
0.23 0.28
0.82 0.63
0.82 0.80
0.66 0.77
0.67 0.62
0.64 0.85
0.77 0.61
0.74 0.89
0.71 0.69
0.71 0.79
0.87 0.78
0.70 0.88
0.79 0.79
0.83 0.86
0.70 0.69
0.83 0.71
0.72 0.89
0.85 0.70
0.83 0.67
0.70 0.65
0.77 0.79
0.62 0.75
0.74 0.75
0.77 0.89
0.80 0.65
0.73 0.67
0.87 0.76
0.83 0.68
0.74 0.85
0.84 0.74
0.76 0.68
0.73 0.84
0.73 0.73
0.79 0.77
0.73 0.75
0.64 0.74
0.71 0.74
0.77 0.71
0.64 0.77
0.84 0.75
0.66 0.82
0.66 0.71
0.86 0.77
0.74 0.68
0.80 0.85
0.66 0.86
0.88 0.77
0.65 0.67
0.81 0.63
0.82 0.78
0.61 0.72
0.89 0.69
0.64 0.85
0.71 0.61
0.83 0.63
0.78 0.89
0.79 0.77
0.86 0.84
0.86 0.72
0.71 0.89
0.77 0.76
0.82 0.62
0.72 0.74
0.73 0.71
0.82 0.83
0.65 0.83
0.75 0.65
0.82 0.75
0.78 0.81
0.84 0.76
0.69 0.83
0.63 0.72
0.69 0.89
0.69 0.80
0.88 0.81
0.67 0.77
0.87 0.73
0.71 0.83
0.79 0.71
0.74 0.84
0.81 0.69
0.70 0.70
0.86 0.78
0.89 0.75
0.69 0.85
0.74 0.68
0.67 0.80
0.74 0.79
0.74 0.81
0.79 0.72
0.82 0.73
0.69 0.86
0.70 0.69
0.74 0.72
0.62 0.75
0.79 0.64
0.75 0.81
0.79 0.73
0.70 0.81
0.68 0.63
0.68 0.79
0.73 0.74
0.84 0.82
0.64 0.79
0.77 0.80
0.74 0.79
0.67 0.75
0.72 0.61
0.81 0.63
0.84 0.71
0.81 0.66
0.63 0.71
0.72 0.88
0.79 0.75
0.77 0.69
0.69 0.77
0.63 0.74
0.78 0.84
0.81 0.63
0.63 0.67
0.76 0.70
0.86 0.69
0.72 0.73
0.65 0.70
0.70 0.85
0.76 0.73
0.76 0.74
0.88 0.74
0.70 0.85
0.69 0.73
0.86 0.66
0.73 0.72
0.75 0.69
0.86 0.70
0.78 0.89
0.70 0.62
0.62 0.81
0.80 0.63
0.87 0.81
0.70 0.87
0.86 0.81
0.89 0.75
0.88 0.72
0.87 0.72
0.74 0.90
0.73 0.83
0.89 0.71
0.78 0.64
0.74 0.74
0.87 0.71
0.61 0.79
0.72 0.82
0.64 0.72
0.81 0.69
0.72 0.70
0.71 0.82
0.87 0.82
0.79 0.78
0.67 0.70
0.68 0.88
0.87 0.77
0.81 0.76
0.84 0.75
0.74 0.80
0.72 0.89
0.71 0.72
0.70 0.75
0.71 0.78
0.64 0.74
0.80 0.81
0.82 0.75
0.72 0.73
0.64 0.65
0.70 0.84
0.69 0.62
0.68 0.72
0.64 0.65
0.79 0.71
0.86 0.76
0.72 0.73
0.85 0.83
0.76 0.65
0.69 0.68
0.76 0.67
0.61 0.70
0.69 0.62
0.72 0.68
0.72 0.83
0.87 0.18
0.83 0.12
0.84 0.25
0.79 0.22
0.81 0.31
0.84 0.35
0.72 0.14
0.86 0.15
0.81 0.30
0.82 0.24
0.77 0.11
0.71 0.24
0.67 0.25
0.65 0.22
0.67 0.29
0.69 0.26
0.83 0.15
0.76 0.22
0.86 0.29
0.87 0.16
0.79 0.27
0.84 0.18
0.79 0.37
0.63 0.33
0.85 0.19
0.76 0.27
0.80 0.37
0.82 0.32
0.69 0.30
0.87 0.27
0.71 0.22
0.81 0.37
0.72 0.15
0.83 0.37
0.70 0.16
0.87 0.28
0.81 0.37
0.79 0.18
0.65 0.35
0.80 0.16
0.74 0.39
0.74 0.15
0.66 0.25
0.62 0.18
0.78 0.35
0.63 0.32
0.69 0.18
0.86 0.16
0.78 0.35
0.64 0.20
0.64 0.35
0.84 0.20
0.80 0.33
0.70 0.13
0.79 0.12
0.71 0.18
0.81 0.34
0.88 0.29
0.88 0.24
0.77 0.39
0.64 0.29
0.76 0.27
0.75 0.27
0.83 0.22
0.80 0.32
0.88 0.22
0.74 0.25
0.87 0.23
0.87 0.21
0.79 0.11
0.70 0.33
0.76 0.19
0.74 0.13
0.63 0.33
0.68 0.16
0.88 0.23
0.86 0.23
0.66 0.28
0.70 0.28
0.69 0.22
0.69 0.31
0.69 0.34
0.86 0.24
0.66 0.23
0.64 0.32
0.66 0.23
0.81 0.13
0.62 0.19
0.78 0.36
0.82 0.26
0.71 0.28
0.83 0.20
0.81 0.26
0.75 0.16
0.80 0.37
0.79 0.26
0.73 0.16
0.79 0.17
0.71 0.29
0.68 0.23
0.73 0.37
0.71 0.33
0.70 0.33
0.75 0.18
0.87 0.17
0.69 0.18
0.78 0.34
0.70 0.15
0.73 0.35
0.83 0.19
0.70 0.22
0.74 0.33
0.70 0.38
0.90 0.28
0.64 0.16
0.80 0.20
0.80 0.15
0.78 0.21
0.71 0.25
0.81 0.33
0.65 0.14
0.76 0.37
0.74 0.34
0.77 0.18
0.77 0.19
0.63 0.26
0.75 0.18
0.72 0.21
0.77 0.12
0.70 0.12
0.67 0.34
0.72 0.30
0.73 0.39
0.73 0.38
0.74 0.11
0.88 0.26
0.69 0.22
0.81 0.38
0.84 0.25
0.74 0.33
0.62 0.27
0.82 0.20
0.81 0.22
0.79 0.29
0.72 0.26
0.77 0.13
0.83 0.15
0.71 0.30
0.72 0.18
0.74 0.20
0.76 0.29
0.79 0.23
0.76 0.30
0.76 0.33
0.83 0.25
0.62 0.21
0.64 0.22
0.79 0.33
0.85 0.31
0.75 0.24
0.77 0.19
0.73 0.31
0.73 0.35
0.64 0.22
0.67 0.23
0.63 0.25
0.83 0.23
0.86 0.17
0.75 0.11
0.81 0.22
0.60 0.26
0.86 0.17
0.79 0.13
0.67 0.14
0.65 0.25
0.76 0.28
0.70 0.12
0.66 0.17
0.62 0.21
0.77 0.31
0.79 0.32
0.77 0.36
0.71 0.17
0.81 0.36
0.63 0.18
0.64 0.17
0.86 0.20
0.18 0.83
0.19 0.79
0.33 0.64
0.11 0.74
0.30 0.77
0.29 0.77
0.33 0.75
0.18 0.86
0.36 0.78
0.35 0.75
0.19 0.89
0.20 0.82
0.38 0.81
0.19 0.76
0.19 0.82
0.13 0.76
0.27 0.84
0.37 0.70
0.20 0.81
0.31 0.84
0.28 0.73
0.33 0.77
0.38 0.83
0.28 0.69
0.28 0.64
0.37 0.82
0.25 0.67
0.33 0.79
0.36 0.75
0.19 0.68
0.16 0.66
0.33 0.66
0.38 0.69
0.18 0.83
0.28 0.77
0.23 0.80
0.28 0.85
0.32 0.83
0.24 0.77
0.27 0.79
0.17 0.88
0.18 0.83
0.38 0.72
0.25 0.80
0.17 0.65
0.16 0.78
0.16 0.82
0.26 0.85
0.34 0.70
0.19 0.74
0.13 0.72
0.35 0.84
0.20 0.80
0.22 0.74
0.27 0.63
0.14 0.80
0.32 0.78
0.16 0.86
0.26 0.82
0.16 0.86
0.24 0.86
0.31 0.80
0.21 0.79
0.22 0.70
0.17 0.66
0.26 0.76
0.29 0.63
0.37 0.76
0.26 0.76
0.35 0.78
0.12 0.81
0.21 0.61
0.39 0.71
0.38 0.80
0.22 0.77
0.35 0.69
0.14 0.78
0.21 0.73
0.33 0.82
0.31 0.87
0.24 0.64
0.26 0.69
0.17 0.82
0.20 0.71
0.14 0.85
0.25 0.60
0.14 0.82
0.13 0.69
0.12 0.70
0.27 0.82
0.24 0.64
0.19 0.63
0.18 0.85
0.16 0.63
0.14 0.78
0.22 0.77
0.32 0.76
0.20 0.89
0.35 0.70
0.17 0.68
0.28 0.89
0.19 0.72
0.12 0.73
0.23 0.84
0.15 0.71
0.31 0.84
0.20 0.88
0.39 0.73
0.17 0.79
0.21 0.85
0.34 0.78
0.34 0.67
0.23 0.69
0.25 0.70
0.18 0.63
0.20 0.78
0.23 0.69
0.23 0.77
0.16 0.70
0.32 0.75
0.14 0.80
0.21 0.69
0.28 0.81
0.35 0.77
0.30 0.64
0.35 0.75
0.28 0.65
0.16 0.72
0.26 0.81
0.13 0.81
0.31 0.65
0.21 0.70
0.14 0.84
0.25 0.85
0.20 0.85
0.23 0.71
0.28 0.88
0.15 0.84
0.28 0.66
0.23 0.63
0.29 0.81
0.18 0.68
0.15 0.82
0.30 0.63
0.18 0.87
0.24 0.70
0.19 0.80
0.28 0.85
0.36 0.66
0.20 0.76
0.12 0.69
0.38 0.75
0.31 0.64
0.14 0.80
0.21 0.66
0.38 0.78
0.39 0.74
0.20 0.68
0.12 0.76
0.15 0.71
0.20 0.74
0.32 0.86
0.39 0.71
0.17 0.80
0.23 0.77
0.33 0.79
0.39 0.70
0.12 0.80
0.23 0.65
0.36 0.79
0.18 0.87
0.26 0.71
0.20 0.73
0.33 0.76
0.12 0.78
0.25 0.84
0.24 0.83
0.23 0.70
0.27 0.73
0.21 0.81
0.13 0.71
0.29 0.87
0.33 0.83
0.31 0.69
0.34 0.76
0.20 0.61
0.28 0.68
