0.13 0.22
0.14 0.14
0.15 0.20
0.11 0.10
0.05 0.17
0.25 0.15
0.19 0.17
0.17 0.12
0.22 0.11
0.09 0.07
0.22 0.18
0.16 0.14
0.16 0.07
0.12 0.08
0.21 0.10
0.12 0.15
0.18 0.10
0.15 0.24
0.15 0.18
0.16 0.09
0.15 0.09
0.10 0.14
0.12 0.12
0.20 0.10
0.05 0.14
0.17 0.14
0.05 0.17
0.21 0.12
0.15 0.20
0.11 0.08
0.19 0.08
0.09 0.18
0.16 0.20
0.09 0.18
0.09 0.09
0.10 0.20
0.09 0.20
0.09 0.08
0.09 0.21
0.14 0.08
0.05 0.13
0.13 0.10
0.13 0.18
0.13 0.14
0.11 0.18
0.09 0.08
0.13 0.16
0.15 0.14
0.19 0.09
0.17 0.10
0.18 0.12
0.21 0.18
0.20 0.07
0.11 0.13
0.19 0.20
0.21 0.14
0.15 0.09
0.16 0.06
0.21 0.10
0.09 0.16
0.20 0.19
0.16 0.08
0.18 0.22
0.10 0.15
0.16 0.18
0.22 0.20
0.17 0.18
0.22 0.16
0.07 0.12
0.16 0.06
0.07 0.14
0.10 0.12
0.16 0.19
0.08 0.10
0.12 0.16
0.16 0.23
0.20 0.21
0.12 0.17
0.14 0.10
0.13 0.21
0.20 0.07
0.21 0.21
0.19 0.18
0.07 0.17
0.18 0.14
0.18 0.16
0.06 0.18
0.07 0.10
0.11 0.15
0.24 0.16
0.10 0.22
0.12 0.21
0.06 0.16
0.44 0.18
0.42 0.23
0.46 0.15
0.36 0.13
0.34 0.12
0.33 0.22
0.32 0.20
0.39 0.13
0.43 0.10
0.33 0.09
0.36 0.13
0.37 0.21
0.39 0.18
0.37 0.13
0.43 0.20
0.43 0.10
0.46 0.20
0.32 0.10
0.33 0.20
0.34 0.21
0.41 0.21
0.43 0.08
0.31 0.22
0.38 0.20
0.37 0.14
0.34 0.15
0.35 0.06
0.39 0.07
0.42 0.08
0.39 0.23
0.40 0.14
0.35 0.14
0.43 0.07
0.46 0.18
0.36 0.15
0.39 0.18
0.40 0.10
0.41 0.06
0.45 0.08
0.42 0.15
0.36 0.09
0.39 0.24
0.31 0.08
0.32 0.21
0.41 0.23
0.36 0.09
0.30 0.11
0.45 0.18
0.40 0.22
0.34 0.18
0.35 0.21
0.44 0.21
0.38 0.13
0.45 0.14
0.31 0.11
0.44 0.19
0.31 0.19
0.40 0.18
0.38 0.16
0.32 0.14
0.47 0.19
0.42 0.16
0.31 0.17
0.37 0.16
0.41 0.19
0.44 0.18
0.38 0.19
0.33 0.17
0.35 0.10
0.33 0.18
0.41 0.14
0.45 0.21
0.32 0.08
0.46 0.10
0.40 0.06
0.33 0.19
0.33 0.09
0.44 0.14
0.32 0.19
0.29 0.15
0.34 0.20
0.39 0.23
0.35 0.23
0.41 0.17
0.35 0.09
0.47 0.16
0.29 0.12
0.36 0.16
0.42 0.14
0.43 0.19
0.37 0.17
0.34 0.15
0.34 0.09
0.57 0.19
0.55 0.16
0.64 0.17
0.62 0.12
0.70 0.19
0.66 0.13
0.71 0.16
0.68 0.12
0.58 0.22
0.57 0.07
0.66 0.06
0.59 0.15
0.67 0.08
0.64 0.06
0.58 0.17
0.66 0.13
0.55 0.22
0.61 0.21
0.65 0.16
0.65 0.14
0.61 0.23
0.71 0.19
0.71 0.19
0.67 0.16
0.59 0.09
0.55 0.09
0.60 0.15
0.56 0.07
0.66 0.15
0.63 0.15
0.60 0.23
0.62 0.07
0.71 0.12
0.68 0.10
0.65 0.19
0.64 0.07
0.56 0.22
0.55 0.08
0.64 0.13
0.55 0.17
0.68 0.22
0.60 0.21
0.71 0.13
0.60 0.08
0.60 0.21
0.58 0.22
0.60 0.06
0.67 0.07
0.71 0.15
0.59 0.20
0.60 0.12
0.66 0.08
0.66 0.11
0.67 0.10
0.65 0.06
0.66 0.23
0.58 0.08
0.58 0.06
0.65 0.08
0.68 0.14
0.65 0.15
0.59 0.09
0.66 0.13
0.63 0.15
0.54 0.16
0.57 0.09
0.61 0.15
0.53 0.12
0.64 0.18
0.55 0.13
0.62 0.10
0.68 0.16
0.56 0.17
0.64 0.20
0.66 0.18
0.62 0.05
0.53 0.18
0.69 0.10
0.69 0.19
0.67 0.20
0.66 0.17
0.65 0.12
0.66 0.14
0.61 0.14
0.67 0.15
0.60 0.13
0.58 0.19
0.56 0.08
0.53 0.15
0.63 0.08
0.71 0.17
0.60 0.18
0.66 0.18
0.87 0.19
0.85 0.12
0.88 0.24
0.92 0.09
0.90 0.21
0.86 0.06
0.91 0.16
0.82 0.08
0.86 0.09
0.92 0.20
0.92 0.11
0.85 0.09
0.83 0.08
0.92 0.21
0.81 0.06
0.83 0.15
0.77 0.11
0.79 0.09
0.88 0.12
0.85 0.06
0.83 0.18
0.83 0.07
0.80 0.23
0.83 0.17
0.87 0.11
0.78 0.11
0.87 0.23
0.76 0.17
0.79 0.07
0.92 0.16
0.85 0.15
0.90 0.19
0.83 0.20
0.83 0.11
0.90 0.12
0.78 0.20
0.80 0.17
0.85 0.07
0.92 0.09
0.83 0.24
0.79 0.12
0.77 0.15
0.83 0.13
0.87 0.20
0.84 0.15
0.84 0.18
0.95 0.15
0.85 0.17
0.77 0.14
0.76 0.20
0.88 0.22
0.80 0.08
0.87 0.10
0.79 0.19
0.81 0.21
0.86 0.22
0.91 0.15
0.82 0.13
0.94 0.13
0.82 0.11
0.86 0.05
0.82 0.10
0.80 0.23
0.92 0.20
0.89 0.13
0.90 0.21
0.85 0.16
0.83 0.22
0.93 0.17
0.83 0.15
0.91 0.17
0.87 0.18
0.90 0.13
0.76 0.13
0.81 0.15
0.93 0.16
0.81 0.23
0.89 0.19
0.87 0.23
0.78 0.10
0.78 0.11
0.87 0.17
0.82 0.24
0.86 0.22
0.85 0.20
0.78 0.22
0.91 0.18
0.90 0.20
0.79 0.18
0.84 0.11
0.92 0.19
0.82 0.20
0.91 0.11
0.12 0.46
0.08 0.34
0.24 0.35
0.08 0.43
0.22 0.38
0.06 0.41
0.14 0.36
0.19 0.44
0.16 0.38
0.15 0.36
0.23 0.33
0.23 0.40
0.12 0.42
0.14 0.29
0.11 0.33
0.20 0.45
0.14 0.43
0.18 0.41
0.09 0.37
0.16 0.34
0.06 0.40
0.09 0.37
0.12 0.43
0.18 0.41
0.08 0.44
0.19 0.40
0.17 0.29
0.23 0.40
0.12 0.37
0.12 0.29
0.14 0.44
0.08 0.38
0.13 0.35
0.17 0.37
0.17 0.45
0.08 0.35
0.19 0.36
0.18 0.46
0.13 0.31
0.17 0.38
0.09 0.46
0.12 0.37
0.19 0.38
0.22 0.44
0.12 0.35
0.20 0.31
0.09 0.31
0.15 0.34
0.14 0.35
0.08 0.44
0.09 0.37
0.12 0.45
0.08 0.41
0.12 0.34
0.14 0.35
0.19 0.30
0.22 0.42
0.19 0.39
0.12 0.43
0.25 0.40
0.16 0.41
0.11 0.37
0.20 0.38
0.16 0.30
0.06 0.37
0.10 0.35
0.18 0.44
0.12 0.30
0.15 0.38
0.09 0.32
0.24 0.39
0.22 0.33
0.06 0.40
0.12 0.37
0.20 0.35
0.05 0.40
0.23 0.40
0.18 0.35
0.19 0.29
0.17 0.31
0.12 0.47
0.07 0.39
0.19 0.41
0.17 0.42
0.13 0.32
0.20 0.42
0.14 0.29
0.09 0.40
0.16 0.32
0.17 0.41
0.15 0.43
0.21 0.42
0.17 0.30
0.35 0.45
0.36 0.41
0.29 0.35
0.38 0.38
0.44 0.45
0.46 0.40
0.47 0.38
0.43 0.32
0.40 0.35
0.44 0.45
0.41 0.45
0.36 0.39
0.48 0.41
0.32 0.44
0.33 0.35
0.39 0.36
0.39 0.32
0.32 0.38
0.30 0.32
0.37 0.34
0.35 0.42
0.45 0.34
0.34 0.43
0.47 0.38
0.42 0.29
0.30 0.42
0.32 0.31
0.36 0.41
0.42 0.40
0.31 0.38
0.40 0.38
0.41 0.43
0.40 0.44
0.34 0.33
0.41 0.44
0.46 0.35
0.37 0.30
0.40 0.30
0.45 0.33
0.34 0.46
0.29 0.34
0.37 0.38
0.30 0.37
0.40 0.33
0.42 0.33
0.38 0.40
0.36 0.41
0.36 0.30
0.36 0.38
0.47 0.36
0.36 0.40
0.30 0.33
0.34 0.34
0.45 0.35
0.43 0.33
0.45 0.43
0.35 0.44
0.29 0.39
0.38 0.38
0.38 0.32
0.30 0.39
0.47 0.35
0.43 0.35
0.42 0.34
0.34 0.45
0.32 0.31
0.42 0.44
0.41 0.46
0.36 0.29
0.46 0.39
0.37 0.38
0.42 0.30
0.48 0.36
0.35 0.41
0.47 0.33
0.43 0.37
0.32 0.44
0.44 0.39
0.32 0.31
0.29 0.39
0.34 0.42
0.46 0.35
0.34 0.36
0.43 0.30
0.38 0.39
0.38 0.46
0.34 0.46
0.35 0.45
0.37 0.40
0.37 0.32
0.36 0.41
0.34 0.42
0.37 0.40
0.56 0.32
0.59 0.33
0.58 0.31
0.54 0.42
0.59 0.45
0.61 0.40
0.62 0.46
0.70 0.42
0.69 0.44
0.55 0.44
0.54 0.40
0.56 0.31
0.62 0.35
0.68 0.31
0.54 0.40
0.66 0.46
0.69 0.35
0.55 0.34
0.54 0.41
0.56 0.40
0.60 0.42
0.60 0.48
0.56 0.35
0.61 0.32
0.57 0.37
0.70 0.41
0.56 0.32
0.58 0.44
0.58 0.29
0.61 0.44
0.70 0.39
0.57 0.33
0.65 0.41
0.54 0.39
0.66 0.45
0.54 0.34
0.69 0.31
0.55 0.43
0.55 0.33
0.62 0.38
0.60 0.46
0.63 0.32
0.71 0.35
0.59 0.34
0.61 0.41
0.54 0.34
0.56 0.46
0.54 0.32
0.65 0.35
0.61 0.42
0.64 0.31
0.63 0.30
0.66 0.32
0.66 0.47
0.59 0.40
0.67 0.29
0.61 0.38
0.65 0.41
0.65 0.47
0.63 0.43
0.58 0.36
0.62 0.32
0.54 0.36
0.58 0.38
0.67 0.38
0.59 0.47
0.65 0.47
0.59 0.46
0.71 0.38
0.71 0.42
0.61 0.30
0.60 0.39
0.60 0.47
0.57 0.29
0.63 0.43
0.66 0.32
0.60 0.33
0.62 0.40
0.59 0.41
0.60 0.32
0.59 0.41
0.63 0.34
0.69 0.36
0.62 0.44
0.61 0.35
0.57 0.39
0.55 0.41
0.67 0.30
0.60 0.37
0.70 0.35
0.58 0.41
0.61 0.34
0.63 0.44
0.85 0.39
0.78 0.45
0.86 0.36
0.93 0.37
0.92 0.31
0.84 0.29
0.78 0.37
0.83 0.33
0.81 0.36
0.81 0.44
0.91 0.31
0.78 0.33
0.80 0.31
0.89 0.31
0.91 0.36
0.80 0.47
0.85 0.37
0.80 0.34
0.90 0.46
0.89 0.36
0.92 0.43
0.83 0.32
0.94 0.38
0.92 0.39
0.87 0.45
0.83 0.47
0.80 0.40
0.77 0.40
0.86 0.43
0.81 0.40
0.94 0.41
0.87 0.41
0.84 0.43
0.90 0.35
0.83 0.31
0.82 0.36
0.87 0.34
0.77 0.33
0.80 0.31
0.90 0.43
0.83 0.30
0.80 0.40
0.81 0.31
0.84 0.40
0.83 0.39
0.82 0.36
0.87 0.30
0.85 0.43
0.81 0.46
0.90 0.35
0.87 0.39
0.83 0.41
0.86 0.33
0.83 0.41
0.76 0.40
0.92 0.34
0.81 0.42
0.94 0.38
0.87 0.42
0.78 0.33
0.88 0.44
0.77 0.36
0.84 0.38
0.85 0.38
0.89 0.32
0.84 0.30
0.79 0.34
0.92 0.39
0.88 0.35
0.86 0.41
0.82 0.31
0.93 0.39
0.90 0.33
0.77 0.33
0.82 0.40
0.83 0.31
0.82 0.41
0.86 0.33
0.88 0.30
0.78 0.39
0.89 0.33
0.80 0.33
0.84 0.45
0.85 0.44
0.83 0.44
0.89 0.39
0.89 0.30
0.84 0.44
0.84 0.34
0.81 0.35
0.86 0.46
0.76 0.40
0.81 0.31
0.16 0.62
0.09 0.68
0.19 0.68
0.13 0.56
0.18 0.66
0.23 0.64
0.22 0.58
0.08 0.62
0.14 0.65
0.12 0.56
0.13 0.63
0.23 0.67
0.10 0.67
0.14 0.66
0.15 0.59
0.23 0.63
0.08 0.63
0.19 0.69
0.09 0.66
0.15 0.57
0.20 0.56
0.21 0.58
0.11 0.67
0.12 0.69
0.09 0.57
0.09 0.61
0.23 0.66
0.22 0.63
0.09 0.64
0.23 0.62
0.07 0.58
0.12 0.62
0.18 0.52
0.15 0.60
0.15 0.59
0.06 0.59
0.07 0.65
0.22 0.69
0.19 0.54
0.17 0.59
0.18 0.55
0.15 0.57
0.18 0.63
0.11 0.67
0.19 0.59
0.13 0.60
0.21 0.67
0.12 0.68
0.12 0.54
0.22 0.60
0.16 0.55
0.17 0.65
0.24 0.61
0.11 0.59
0.14 0.66
0.09 0.62
0.24 0.61
0.21 0.55
0.20 0.60
0.19 0.56
0.12 0.66
0.18 0.60
0.20 0.66
0.14 0.64
0.12 0.56
0.12 0.66
0.11 0.62
0.09 0.56
0.17 0.57
0.09 0.55
0.15 0.54
0.13 0.57
0.22 0.66
0.13 0.58
0.23 0.57
0.25 0.62
0.11 0.71
0.11 0.62
0.10 0.66
0.18 0.65
0.23 0.59
0.24 0.65
0.06 0.64
0.19 0.66
0.14 0.66
0.10 0.64
0.19 0.57
0.23 0.67
0.18 0.64
0.23 0.58
0.17 0.67
0.15 0.57
0.14 0.69
0.44 0.62
0.44 0.62
0.39 0.64
0.45 0.65
0.39 0.68
0.31 0.57
0.36 0.56
0.43 0.57
0.43 0.62
0.36 0.60
0.38 0.53
0.42 0.54
0.39 0.70
0.44 0.56
0.44 0.61
0.41 0.60
0.33 0.55
0.44 0.55
0.37 0.61
0.33 0.66
0.32 0.54
0.39 0.67
0.43 0.66
0.37 0.67
0.42 0.65
0.39 0.60
0.45 0.60
0.35 0.70
0.43 0.67
0.41 0.71
0.46 0.61
0.38 0.55
0.46 0.62
0.29 0.61
0.35 0.53
0.34 0.54
0.35 0.64
0.34 0.53
0.40 0.57
0.30 0.63
0.45 0.55
0.40 0.58
0.45 0.59
0.39 0.71
0.34 0.71
0.41 0.66
0.35 0.62
0.35 0.53
0.36 0.65
0.40 0.58
0.43 0.69
0.47 0.62
0.37 0.59
0.36 0.64
0.41 0.59
0.28 0.61
0.38 0.57
0.45 0.60
0.45 0.55
0.45 0.61
0.46 0.56
0.31 0.68
0.47 0.66
0.45 0.66
0.29 0.65
0.29 0.64
0.40 0.61
0.35 0.55
0.44 0.65
0.41 0.65
0.45 0.64
0.43 0.68
0.38 0.69
0.41 0.72
0.32 0.59
0.40 0.57
0.29 0.63
0.33 0.64
0.46 0.58
0.40 0.69
0.45 0.67
0.40 0.53
0.32 0.58
0.31 0.67
0.35 0.62
0.42 0.67
0.41 0.70
0.47 0.65
0.43 0.58
0.41 0.68
0.44 0.69
0.37 0.61
0.29 0.65
0.62 0.69
0.65 0.67
0.58 0.57
0.67 0.65
0.69 0.64
0.69 0.60
0.62 0.60
0.67 0.57
0.65 0.59
0.60 0.53
0.55 0.68
0.53 0.62
0.59 0.66
0.57 0.60
0.60 0.69
0.64 0.63
0.57 0.60
0.57 0.65
0.71 0.66
0.55 0.67
0.59 0.55
0.69 0.66
0.55 0.64
0.70 0.63
0.68 0.63
0.66 0.62
0.63 0.66
0.71 0.65
0.67 0.57
0.60 0.72
0.71 0.66
0.54 0.67
0.72 0.61
0.62 0.60
0.69 0.65
0.71 0.62
0.57 0.70
0.58 0.63
0.61 0.66
0.60 0.64
0.57 0.53
0.54 0.64
0.57 0.59
0.64 0.59
0.58 0.64
0.57 0.57
0.60 0.68
0.56 0.56
0.56 0.54
0.69 0.57
0.56 0.55
0.56 0.59
0.66 0.66
0.67 0.70
0.67 0.55
0.67 0.60
0.66 0.71
0.63 0.67
0.65 0.61
0.63 0.62
0.66 0.69
0.61 0.67
0.58 0.57
0.66 0.53
0.62 0.64
0.55 0.57
0.64 0.52
0.57 0.70
0.58 0.58
0.59 0.66
0.59 0.55
0.65 0.66
0.57 0.63
0.56 0.65
0.71 0.59
0.62 0.70
0.70 0.62
0.58 0.57
0.64 0.55
0.69 0.68
0.68 0.55
0.62 0.66
0.54 0.67
0.64 0.64
0.58 0.53
0.59 0.69
0.54 0.57
0.57 0.66
0.58 0.58
0.56 0.61
0.63 0.56
0.64 0.71
0.57 0.64
0.88 0.61
0.83 0.57
0.80 0.59
0.87 0.58
0.81 0.55
0.88 0.66
0.81 0.57
0.89 0.64
0.82 0.54
0.81 0.64
0.78 0.64
0.82 0.65
0.88 0.54
0.79 0.56
0.87 0.70
0.87 0.67
0.88 0.65
0.84 0.70
0.83 0.69
0.78 0.65
0.90 0.62
0.84 0.57
0.92 0.67
0.88 0.61
0.79 0.67
0.79 0.67
0.80 0.56
0.90 0.70
0.91 0.65
0.76 0.62
0.84 0.65
0.77 0.65
0.82 0.60
0.83 0.57
0.89 0.67
0.89 0.67
0.84 0.55
0.86 0.62
0.85 0.68
0.80 0.64
0.89 0.60
0.81 0.62
0.77 0.58
0.87 0.65
0.81 0.53
0.82 0.68
0.91 0.63
0.75 0.61
0.86 0.66
0.89 0.62
0.94 0.66
0.81 0.62
0.85 0.70
0.89 0.58
0.77 0.68
0.84 0.69
0.94 0.65
0.82 0.53
0.83 0.56
0.77 0.57
0.82 0.62
0.89 0.58
0.90 0.68
0.90 0.60
0.75 0.61
0.75 0.62
0.88 0.61
0.82 0.53
0.82 0.61
0.89 0.61
0.85 0.69
0.89 0.58
0.88 0.55
0.83 0.58
0.84 0.60
0.92 0.58
0.76 0.64
0.84 0.56
0.79 0.65
0.77 0.67
0.83 0.59
0.82 0.53
0.90 0.57
0.87 0.58
0.81 0.53
0.84 0.57
0.95 0.61
0.88 0.66
0.87 0.60
0.79 0.63
0.90 0.59
0.92 0.65
0.81 0.54
0.14 0.82
0.21 0.88
0.22 0.91
0.21 0.90
0.11 0.88
0.05 0.85
0.08 0.86
0.07 0.91
0.25 0.85
0.07 0.87
0.07 0.88
0.07 0.89
0.18 0.79
0.23 0.84
0.18 0.82
0.10 0.85
0.09 0.80
0.23 0.89
0.18 0.93
0.08 0.91
0.18 0.83
0.11 0.92
0.19 0.81
0.12 0.88
0.09 0.84
0.19 0.88
0.20 0.87
0.20 0.85
0.10 0.92
0.20 0.77
0.17 0.81
0.09 0.89
0.18 0.79
0.16 0.81
0.08 0.90
0.06 0.88
0.13 0.78
0.18 0.80
0.07 0.81
0.08 0.88
0.20 0.84
0.11 0.86
0.19 0.92
0.11 0.76
0.19 0.77
0.08 0.80
0.06 0.84
0.11 0.87
0.22 0.91
0.19 0.93
0.16 0.94
0.08 0.90
0.18 0.87
0.14 0.90
0.21 0.81
0.07 0.92
0.20 0.78
0.09 0.86
0.24 0.82
0.21 0.82
0.20 0.81
0.20 0.79
0.22 0.88
0.10 0.80
0.10 0.84
0.22 0.87
0.18 0.77
0.24 0.88
0.12 0.82
0.10 0.87
0.08 0.82
0.11 0.82
0.13 0.86
0.23 0.81
0.13 0.84
0.20 0.93
0.18 0.83
0.20 0.85
0.15 0.80
0.08 0.88
0.17 0.86
0.25 0.87
0.15 0.77
0.21 0.90
0.20 0.78
0.18 0.80
0.13 0.88
0.18 0.87
0.06 0.88
0.15 0.81
0.14 0.83
0.17 0.83
0.22 0.82
0.38 0.92
0.32 0.79
0.33 0.87
0.33 0.86
0.41 0.81
0.44 0.82
0.35 0.80
0.42 0.80
0.43 0.91
0.47 0.88
0.29 0.86
0.36 0.92
0.41 0.94
0.38 0.91
0.35 0.80
0.33 0.94
0.37 0.80
0.36 0.79
0.34 0.94
0.32 0.90
0.38 0.88
0.32 0.85
0.38 0.88
0.40 0.85
0.45 0.78
0.37 0.81
0.37 0.94
0.44 0.77
0.39 0.79
0.45 0.85
0.29 0.87
0.34 0.83
0.44 0.93
0.38 0.89
0.40 0.92
0.35 0.81
0.37 0.87
0.45 0.89
0.39 0.88
0.36 0.79
0.32 0.77
0.33 0.84
0.37 0.86
0.29 0.82
0.35 0.81
0.36 0.78
0.32 0.83
0.32 0.92
0.32 0.88
0.30 0.79
0.44 0.79
0.45 0.90
0.43 0.93
0.33 0.88
0.31 0.91
0.38 0.88
0.36 0.87
0.43 0.77
0.43 0.88
0.32 0.86
0.33 0.76
0.31 0.91
0.39 0.76
0.37 0.94
0.35 0.81
0.35 0.87
0.46 0.87
0.34 0.94
0.41 0.88
0.43 0.92
0.35 0.81
0.43 0.83
0.36 0.94
0.44 0.82
0.43 0.80
0.34 0.78
0.39 0.87
0.29 0.85
0.37 0.85
0.39 0.95
0.41 0.78
0.37 0.79
0.46 0.86
0.43 0.80
0.38 0.92
0.44 0.84
0.39 0.80
0.37 0.91
0.37 0.84
0.41 0.86
0.37 0.85
0.31 0.85
0.35 0.85
0.63 0.82
0.55 0.87
0.68 0.85
0.56 0.89
0.56 0.82
0.70 0.87
0.61 0.81
0.66 0.92
0.56 0.92
0.71 0.86
0.55 0.80
0.66 0.77
0.66 0.87
0.53 0.83
0.71 0.81
0.55 0.92
0.60 0.76
0.67 0.77
0.64 0.95
0.65 0.87
0.69 0.91
0.70 0.83
0.60 0.94
0.63 0.86
0.67 0.76
0.60 0.85
0.61 0.82
0.66 0.90
0.55 0.90
0.62 0.79
0.67 0.85
0.64 0.89
0.68 0.85
0.58 0.90
0.54 0.83
0.58 0.94
0.58 0.88
0.71 0.89
0.57 0.87
0.70 0.84
0.59 0.90
0.64 0.82
0.61 0.91
0.66 0.81
0.59 0.82
0.70 0.87
0.71 0.85
0.58 0.92
0.61 0.81
0.57 0.88
0.62 0.88
0.62 0.89
0.65 0.83
0.67 0.84
0.58 0.92
0.58 0.81
0.61 0.83
0.53 0.85
0.65 0.78
0.62 0.89
0.65 0.84
0.59 0.89
0.58 0.77
0.57 0.88
0.61 0.84
0.68 0.89
0.54 0.88
0.63 0.88
0.61 0.88
0.57 0.85
0.60 0.76
0.66 0.77
0.68 0.82
0.66 0.79
0.54 0.82
0.60 0.94
0.65 0.85
0.64 0.81
0.58 0.87
0.54 0.85
0.64 0.91
0.66 0.77
0.54 0.79
0.63 0.82
0.70 0.81
0.60 0.84
0.56 0.82
0.59 0.92
0.62 0.83
0.63 0.84
0.71 0.84
0.59 0.92
0.58 0.83
0.92 0.79
0.84 0.83
0.85 0.81
0.92 0.82
0.87 0.95
0.82 0.77
0.77 0.89
0.88 0.77
0.93 0.89
0.81 0.93
0.92 0.89
0.95 0.85
0.94 0.83
0.93 0.83
0.84 0.95
0.84 0.90
0.94 0.82
0.87 0.78
0.85 0.84
0.93 0.83
0.76 0.87
0.83 0.90
0.78 0.83
0.89 0.81
0.83 0.82
0.82 0.90
0.93 0.90
0.87 0.87
0.80 0.82
0.80 0.93
0.93 0.86
0.89 0.86
0.91 0.85
0.84 0.88
0.83 0.94
0.82 0.83
0.82 0.85
0.82 0.87
0.78 0.85
0.89 0.89
0.90 0.85
0.83 0.83
0.78 0.78
0.82 0.91
0.81 0.77
0.80 0.83
0.78 0.78
0.88 0.83
0.93 0.86
0.83 0.84
0.91 0.90
0.86 0.78
0.81 0.81
0.85 0.80
0.76 0.81
0.81 0.77
0.83 0.80
0.83 0.90
0.93 0.81
0.90 0.76
0.91 0.85
0.88 0.83
0.89 0.89
0.91 0.92
0.83 0.78
0.92 0.79
0.89 0.88
0.90 0.84
0.86 0.75
0.82 0.84
0.80 0.85
0.78 0.83
0.80 0.88
0.81 0.86
0.90 0.78
0.85 0.83
0.92 0.88
0.93 0.79
0.88 0.87
0.91 0.81
0.88 0.93
0.77 0.90
0.91 0.81
0.86 0.87
0.88 0.93
0.90 0.90
0.81 0.88
0.93 0.86
0.82 0.83
0.89 0.93
0.83 0.78
0.90 0.93
0.82 0.79
