3.295241323934093303e-01 2.160076560690873115e-01 2.176472983461587296e-01 2.473835588095912030e-01 2.422511279533989814e-01
3.269606866222435348e-01 2.882892743034554117e-02 1.626780831634193347e-02 1.123953356248974349e-02 1.445475687159533500e-02
2.724963267277256129e-01 9.297432646189611460e-02 5.316589878004338021e-02 1.571391974289807272e-02 2.498570969696830776e-02
1.336805941583122659e-01 4.064900653499140676e-02 1.070505029739774773e-02 1.385356779005445828e-02 5.871642903255153666e-03
6.736311068291166160e-02 1.815633423621559189e-02 1.063201904450227983e-02 1.331643353218428527e-02 7.592151156475834134e-03
9.458920213652083006e-03 8.379672440371308331e-03 1.034249234245635495e-02 6.491253689230597722e-03 6.360265144835440879e-03
1.125263971941644070e-01 4.873448561128424644e-02 2.917920621977863893e-02 2.122091449871809504e-02 1.132240929633536453e-02
7.799698630987113301e-02 3.461538963835256860e-02 2.645406983833787154e-02 9.609047546796293041e-03 1.031454186770180623e-02
7.416977310427298464e-01 4.023390066678401156e-01 4.364507668153465997e-02 1.209276726565679944e-02 1.312193911083145079e-02
2.568922048986468920e-01 1.598778560236379931e-01 1.498148347537425762e-01 1.151709908252195741e-01 1.428439164349340484e-01
1.579825803457977351e-01 1.509800140006039605e-02 1.138364539628042640e-02 1.010533541785422519e-02 5.632643410627777986e-03
1.944692538725680264e-01 3.117565643750483395e-02 2.084429521271306124e-02 1.343313112097519087e-02 7.680599152466219964e-03
9.061768972578447545e-02 1.152690041701764229e-02 8.189880893093129041e-03 6.010889301535050563e-03 1.175139756791109859e-02
1.879926284091685412e-02 7.136143406884641605e-03 7.623092145230341357e-03 9.053624288535377582e-03 7.663290417292582118e-03
1.974662898057916449e-01 1.528195859889164565e-01 1.355063400118547978e-01 1.511166263466909299e-01 1.174195472432475323e-01
2.684937151020319046e-01 9.697128618178346704e-02 5.370640870529413274e-02 3.223873663384238530e-02 2.308243306201188810e-02
1.402607181741135634e-01 4.793949054642271390e-02 2.111778350033788332e-02 1.581888229364935769e-02 8.967458429476547407e-03
2.139197205284384673e-01 7.307155307919131759e-02 2.627846142683267980e-02 2.086919769458399701e-02 1.095425459958031776e-02
7.137805144811140701e-02 1.173518527289049013e-02 1.464553517477878292e-02 8.417810099715662339e-03 6.455244968957592720e-03
