3.564651826447742811e-02 2.087110243708869758e-02 9.621353668631926759e-03 9.409601203997454422e-03 6.308746387662668084e-03 5.914831900824758272e-03 6.392087084269406846e-03 4.251653595848729934e-03 4.147983412343955040e-03
4.408693304510305500e-02 1.913581243190024678e-02 1.091114136526117120e-02 9.132750717624024683e-03 1.145624479376133875e-02 7.954516335748305911e-03 5.548031200585661071e-03 5.085423051029957543e-03 4.010784007649409628e-03
3.571895502509017661e-02 1.682436611800507131e-02 1.078613867228978528e-02 1.082874647364639661e-02 6.992614425849317042e-03 7.279571587854724406e-03 4.147761268809189994e-03 3.739961405752186170e-03 5.486135115020914291e-03
3.947673495580239500e-02 1.640930008027250558e-02 8.200923235182731516e-03 1.151693880796991407e-02 6.946543769795889695e-03 5.264497436269632326e-03 4.612729335821585258e-03 5.112412943663226760e-03 3.404652782912027942e-03
4.130876079127351885e-02 1.685166861004998295e-02 1.390260895799240969e-02 1.225713848926026847e-02 5.894233544851029336e-03 4.655576355391741888e-03 6.340359627043173733e-03 3.682738018473355295e-03 4.136516045619886145e-03
4.909184847939987439e-02 1.351670413376896036e-02 1.300694707800762601e-02 8.027793816699647228e-03 7.699328890095485239e-03 6.330057175422081420e-03 4.217673643980483431e-03 4.699628326615796006e-03 4.128447255555145988e-03
3.997746798002718704e-02 1.914404072930626574e-02 1.372987293069228426e-02 7.402430221031022252e-03 8.209803222543329143e-03 8.183171025207406843e-03 4.545570563640735293e-03 3.859208783298334437e-03 4.279872203333959582e-03
3.530273437028731004e-02 1.927934557485373734e-02 1.063377840204538655e-02 8.412544575131688032e-03 8.044332642236988809e-03 5.515575178788324415e-03 4.482098907847994161e-03 3.956679487233089217e-03 3.408026388188618166e-03
4.213925946487424162e-02 1.699775088743627621e-02 1.034141795606787102e-02 7.081906690527876858e-03 6.129145497535119780e-03 5.232074704547610110e-03 4.709726122050211967e-03 4.760293299456328300e-03 3.312772083755980736e-03
4.407175289366935256e-02 1.656406561618233714e-02 1.494610163035169602e-02 7.309402710959329169e-03 8.223730234321239771e-03 7.083734048027058409e-03 5.233110666286117443e-03 5.528809724844206339e-03 3.839777344815980403e-03
4.648390692237688859e-02 1.621335169608099577e-02 9.671714230937813669e-03 8.243821791453199987e-03 8.251408296248747762e-03 5.440098508280601618e-03 5.040296400553080820e-03 6.014039202780444883e-03 2.772527973014107545e-03
4.124402184658213649e-02 1.417158062919088475e-02 1.315965892450798695e-02 9.612846113925275007e-03 6.272951006948181314e-03 6.605902070833347302e-03 5.126857105983652699e-03 5.858007592199693941e-03 3.854447024475383086e-03
3.304567330300566680e-02 1.799043763017427189e-02 1.086011589451763015e-02 9.510903150504616821e-03 8.768308271919931715e-03 4.751058694676030952e-03 5.070110092897408584e-03 3.411720629227409790e-03 4.257484183913467536e-03
3.320466567744195102e-02 2.552116607655911459e-02 1.068552266073674595e-02 7.172840693268034765e-03 6.849285528301366291e-03 5.020445611424898674e-03 5.009451865598479881e-03 6.288695397562577005e-03 4.578901180264245176e-03
3.842354938612774218e-02 1.227667622283700605e-02 1.103441311335578816e-02 9.654533362011143149e-03 8.229714547939966790e-03 5.825292823989170442e-03 5.369027243514391118e-03 5.744819665899928048e-03 3.561570993535102293e-03
4.381283506384755361e-02 1.584863089693834201e-02 1.097710463128551313e-02 1.038434579875007965e-02 7.717747128324292660e-03 8.119283852531468740e-03 5.144808592677446030e-03 3.173325759411537404e-03 3.956083510494698592e-03
3.478183446760639563e-02 1.699390193901888571e-02 1.002632177893548332e-02 7.500369139452654939e-03 7.338956079328374377e-03 5.120953166472334318e-03 5.356719238017688262e-03 3.197947067614291365e-03 5.971077933135757014e-03
5.054151247745509307e-02 2.370669785990934045e-02 1.153107358800341438e-02 1.020447302377586185e-02 9.493927548998222846e-03 9.193109077932460488e-03 4.874296066344132629e-03 3.858735204052695603e-03 4.155284237531751620e-03
3.293095393764896434e-02 1.573562824297542254e-02 1.426900910258345825e-02 8.495179084137721368e-03 7.665724944317256831e-03 5.355915060769976879e-03 4.238837955426452003e-03 3.802101844340083532e-03 3.408414131191757346e-03
