4.287068603217999291e-02 1.414771637344878000e-02 1.300411746027425527e-02 1.078756110477458244e-02 7.910171994465879999e-03 4.785621029812684758e-03 6.413091929208285073e-03 5.905096645911040235e-03 3.477873672682055706e-03
4.460325197231148481e-02 1.704597027948270144e-02 1.579228313124126509e-02 9.434541533006497727e-03 7.164447948481070597e-03 5.363072722903664859e-03 4.506117556993646106e-03 6.104861624752088226e-03 4.881005675324064791e-03
3.566761859269829138e-02 1.841843734267625474e-02 1.348612882436496518e-02 1.050474348729336233e-02 9.345202378774222426e-03 5.238950045369715827e-03 6.587843751301442410e-03 3.462954328721237155e-03 4.089902038423198077e-03
3.607811635737037670e-02 1.695797486379210101e-02 1.335065312038888861e-02 8.222578146975113855e-03 8.012382576632167547e-03 6.161277158623700706e-03 4.800957123749852173e-03 5.240570485598033089e-03 4.546547664574632046e-03
4.073271394640784471e-02 2.071109396067169137e-02 1.342120338670481881e-02 1.112406704504591108e-02 8.225438263710945289e-03 8.131164925954238384e-03 5.031253744839881900e-03 4.811200260131363350e-03 3.998460646233249760e-03
3.676383581950514595e-02 1.477286549624601091e-02 1.119068027069102314e-02 8.189777045460934143e-03 6.858038982141946224e-03 5.197330209246074466e-03 6.435788171785836002e-03 4.652384785679673090e-03 4.316012759799620069e-03
4.427971179556833975e-02 2.103803867491100058e-02 1.039436085494580518e-02 5.087597470902091752e-03 7.353260542600839611e-03 6.350255556368454742e-03 4.916739994558814476e-03 5.108186047011856884e-03 4.317307815128939436e-03
4.128093336579428257e-02 1.860050770701273185e-02 1.273632444993102325e-02 9.515853366113690912e-03 8.737396610774748190e-03 6.163097134728246981e-03 4.484167619643749346e-03 5.300851749927857313e-03 4.471205597185628003e-03
3.587176116825552263e-02 1.515992247513892228e-02 1.417528384674112199e-02 8.264421362011515476e-03 1.063757494358151361e-02 5.796016967320244927e-03 3.925165146014566314e-03 4.607608260330390074e-03 4.360591793654355376e-03
4.434059573194664566e-02 1.401584526382048355e-02 1.653173149809552753e-02 1.098845037765536388e-02 5.894850325204669707e-03 7.931185579674062541e-03 4.579697813644184774e-03 4.251638355092974414e-03 4.003458678833299138e-03
2.951661072615409387e-02 1.692623778212008073e-02 1.394540193708740904e-02 6.921520951693359985e-03 6.471320754356156557e-03 8.240394339497719711e-03 4.059409341843751157e-03 5.311675557177362485e-03 3.587326289143408058e-03
4.203723074311422475e-02 2.232816739497634970e-02 1.293968611795320856e-02 1.156697520427190859e-02 6.837978966188330496e-03 4.821208534391371869e-03 5.072587433460272813e-03 4.531362845619873320e-03 4.857502633095762967e-03
4.739113764756053976e-02 1.677873518990399479e-02 1.117929612625296470e-02 8.166118107717392285e-03 7.162302143042840324e-03 6.415164948565988887e-03 4.673797775086431169e-03 4.856370181748771893e-03 4.831381819083456486e-03
2.837330508369240167e-02 1.491610151496561981e-02 9.945809881899563692e-03 1.054853576019752076e-02 8.279582312151064286e-03 5.188967192955172732e-03 5.593021577600019133e-03 4.380985503195434540e-03 4.073642351303653417e-03
4.654101403420488059e-02 1.901819024190361251e-02 1.384299752045265418e-02 9.090509202401612920e-03 5.683240721002180695e-03 5.775278977580995329e-03 5.479526301721580200e-03 4.651572205412511304e-03 5.176308891980273622e-03
3.540370294967033066e-02 1.884387106459709318e-02 1.188825775516160962e-02 9.610514036325887299e-03 8.291005647082063876e-03 6.477355722181867004e-03 5.903717769684756200e-03 5.457287117024059615e-03 4.632733202196013395e-03
2.648902936571409170e-02 1.519053788398844022e-02 1.263570948180763043e-02 1.197220867901412251e-02 7.350214588035182926e-03 7.771714481249620762e-03 7.659136391731818407e-03 4.010180678040768838e-03 2.841709047345216278e-03
4.720621851559501925e-02 1.642955589070630232e-02 9.335124955250071951e-03 1.048100745335531214e-02 7.018648262150403543e-03 7.547225005093666228e-03 6.421567010534702004e-03 5.281325156031200022e-03 3.466796849138949112e-03
3.004036900616083652e-02 1.912594946485642045e-02 1.085638696065837489e-02 7.681157828125629791e-03 7.350481863014468771e-03 6.411714388120212833e-03 5.593015716487698824e-03 4.496145078249627267e-03 4.408244835283526772e-03
