4.852502119817211218e-02 1.154637480423186327e-02 1.012584963043359695e-02 9.713780213122705232e-03 9.291695177474881134e-03 4.979041103139846512e-03 8.359623696496541051e-03 5.981514416323768270e-03 4.200615739630197791e-03
3.582968578977867302e-02 1.688363736083894201e-02 1.267556270883429814e-02 8.138856108815283041e-03 1.045637890356727884e-02 5.965743995943790894e-03 4.359667737605074471e-03 5.451175634472688741e-03 5.085934380595611738e-03
3.125048405590405420e-02 1.791353145562470800e-02 1.153599446678257347e-02 1.077407590375846491e-02 7.250184530028675259e-03 4.708037760279227581e-03 5.625946074377970521e-03 5.092589298832805519e-03 4.280529211787295098e-03
4.865652175602181578e-02 2.352154306258583821e-02 1.365600072527329602e-02 8.967563920489023122e-03 6.145102014448461901e-03 4.620735843893743026e-03 5.691408004170637157e-03 4.678480035706050581e-03 4.501734855289400358e-03
3.663742674703567015e-02 1.514739885532658328e-02 1.381141195332254851e-02 6.885831770329053393e-03 7.148440911492363187e-03 5.489739650755260866e-03 4.737446574430289117e-03 5.033385816419186191e-03 4.621901154347826494e-03
3.655415721594212214e-02 1.937929277618767945e-02 1.729072931385209136e-02 6.304481843706496828e-03 8.443308731830608330e-03 5.280126619819705547e-03 5.894472263977283168e-03 4.409691982826023128e-03 3.565256240875037085e-03
3.125106253182807076e-02 1.389461945338351691e-02 9.501907453865449105e-03 1.028401683269162398e-02 8.725728865582140989e-03 5.792576501205428524e-03 3.637221540710936472e-03 5.744647879243055394e-03 4.936008039156758974e-03
3.700956461501267447e-02 1.296323070986652587e-02 1.066380303937051501e-02 8.024302411950927014e-03 7.498598687352322177e-03 4.367322080265109534e-03 4.374751994987557263e-03 4.085674833395256528e-03 3.797382895292947605e-03
3.021085443607469945e-02 1.502679493690745223e-02 1.341624489643059026e-02 8.968279744114434140e-03 7.043926372911143638e-03 6.185268989467007303e-03 5.238433463926853335e-03 4.189965846352478041e-03 3.725561114504175736e-03
3.332326340019359234e-02 1.750620999735932534e-02 9.577470364955110657e-03 9.704102073306852816e-03 7.819812598083390742e-03 4.778937163479147349e-03 5.616295540742929915e-03 4.312929101576813869e-03 5.017453565460696339e-03
3.039888868871424080e-02 2.055537195203209835e-02 1.639395072117617869e-02 9.770615140822048322e-03 5.574725508504423457e-03 6.050217871771208268e-03 4.376809143972321646e-03 5.563785761450552696e-03 3.989294797536548087e-03
3.812028720299711487e-02 1.757360267692173461e-02 1.485026567698683950e-02 9.723060317873781500e-03 7.681497819098903959e-03 4.553194288952474786e-03 5.207310734209372703e-03 4.082729747456591632e-03 3.938814285325290855e-03
3.414483656633609393e-02 2.308612737630043668e-02 1.167089786026957905e-02 8.945434439232232554e-03 9.895765313813201930e-03 7.888925246203970162e-03 4.991950213106109355e-03 4.289814759878135542e-03 4.894651130912123019e-03
2.946590425972756000e-02 2.082115713233365778e-02 1.446562215487651355e-02 9.563763434666189625e-03 6.983749675199215148e-03 6.585640812383731710e-03 5.446574402133279834e-03 3.729663684005246355e-03 4.938878008185294301e-03
3.567033469959645514e-02 2.025791145040335001e-02 1.174071511207881550e-02 9.309403951089971485e-03 8.784482401587374173e-03 4.624876078374529943e-03 4.641809487033406872e-03 4.820831888326992942e-03 3.571655039247651105e-03
4.287287688164563570e-02 1.899317561801295087e-02 9.836153630635006279e-03 1.145983115456221738e-02 6.585495281185970579e-03 5.122641637654138519e-03 6.769371892501595787e-03 4.559882348813325791e-03 3.254126865081928815e-03
2.869347616540654511e-02 2.138337798942727824e-02 9.994327233496223123e-03 9.218581749194269120e-03 6.776468548432976885e-03 6.358028395543269956e-03 5.130377446189601093e-03 4.507028766117452193e-03 3.403150176638885995e-03
4.289940771906471106e-02 1.672757310376199111e-02 1.371130828964092253e-02 9.461955649826304937e-03 1.011937453610821554e-02 5.856731994898488683e-03 5.372212536739038105e-03 3.828284466544591962e-03 3.368077469631206022e-03
4.306253385862791189e-02 1.856795009028202117e-02 1.670292795352615323e-02 8.935883956625719979e-03 7.447118032367389118e-03 7.167868395088206925e-03 5.601389795856881286e-03 5.925110390018220770e-03 3.278156346468640622e-03
