0.21 0.39
0.23 0.22
0.25 0.34
0.17 0.15
0.06 0.30
0.45 0.24
0.34 0.29
0.29 0.18
0.38 0.17
0.14 0.09
0.38 0.31
0.26 0.22
0.26 0.09
0.18 0.12
0.38 0.15
0.18 0.25
0.30 0.15
0.25 0.44
0.25 0.31
0.26 0.14
0.25 0.12
0.14 0.23
0.20 0.18
0.34 0.14
0.06 0.23
0.30 0.23
0.06 0.28
0.38 0.19
0.25 0.35
0.17 0.10
0.33 0.10
0.12 0.32
0.27 0.34
0.14 0.30
0.12 0.13
0.15 0.35
0.13 0.36
0.14 0.11
0.13 0.37
0.22 0.11
0.06 0.21
0.21 0.14
0.21 0.31
0.22 0.24
0.17 0.31
0.13 0.12
0.21 0.26
0.26 0.24
0.33 0.14
0.30 0.16
0.30 0.19
0.36 0.31
0.35 0.09
0.17 0.21
0.34 0.36
0.38 0.23
0.26 0.13
0.27 0.08
0.38 0.16
0.13 0.27
0.36 0.33
0.26 0.11
0.32 0.39
0.15 0.26
0.27 0.31
0.38 0.36
0.29 0.31
0.39 0.27
0.10 0.18
0.28 0.08
0.08 0.23
0.16 0.19
0.26 0.33
0.11 0.15
0.18 0.28
0.28 0.40
0.35 0.38
0.18 0.29
0.23 0.14
0.22 0.37
0.34 0.09
0.38 0.37
0.34 0.31
0.08 0.29
0.31 0.23
0.30 0.27
0.07 0.31
0.09 0.15
0.18 0.26
0.42 0.27
0.15 0.39
0.19 0.38
0.07 0.27
0.37 0.30
0.33 0.40
0.41 0.25
0.20 0.20
0.16 0.19
0.15 0.38
0.14 0.34
0.27 0.22
0.35 0.14
0.14 0.13
0.20 0.20
0.23 0.38
0.28 0.31
0.22 0.21
0.34 0.34
0.36 0.14
0.42 0.34
0.13 0.15
0.15 0.35
0.17 0.36
0.30 0.36
0.35 0.12
0.11 0.39
0.25 0.35
0.24 0.22
0.17 0.25
0.19 0.07
0.27 0.09
0.32 0.11
0.27 0.40
0.30 0.23
0.18 0.24
0.35 0.09
0.42 0.30
0.21 0.25
0.26 0.31
0.28 0.15
0.30 0.08
0.38 0.12
0.34 0.25
0.22 0.14
0.27 0.43
0.11 0.12
0.14 0.37
0.30 0.41
0.22 0.14
0.08 0.17
0.39 0.31
0.29 0.38
0.16 0.31
0.19 0.38
0.37 0.36
0.24 0.21
0.39 0.23
0.11 0.18
0.37 0.34
0.11 0.33
0.28 0.32
0.25 0.26
0.13 0.22
0.42 0.32
0.32 0.27
0.12 0.29
0.24 0.27
0.30 0.34
0.36 0.31
0.24 0.33
0.15 0.28
0.19 0.15
0.16 0.31
0.32 0.23
0.39 0.37
0.14 0.11
0.41 0.16
0.29 0.07
0.14 0.33
0.16 0.13
0.38 0.23
0.14 0.33
0.07 0.25
0.17 0.35
0.28 0.42
0.18 0.41
0.30 0.29
0.19 0.14
0.43 0.27
0.07 0.19
0.20 0.27
0.33 0.22
0.34 0.34
0.22 0.29
0.17 0.25
0.17 0.13
0.15 0.34
0.11 0.27
0.29 0.30
0.24 0.19
0.40 0.33
0.34 0.22
0.42 0.26
0.36 0.18
0.17 0.40
0.15 0.10
0.33 0.07
0.19 0.25
0.35 0.11
0.29 0.08
0.16 0.28
0.34 0.21
0.10 0.39
0.24 0.37
0.31 0.27
0.31 0.23
0.22 0.42
0.43 0.32
0.43 0.32
0.36 0.27
0.19 0.13
0.11 0.13
0.22 0.25
0.14 0.09
0.32 0.24
0.26 0.25
0.21 0.41
0.24 0.08
0.42 0.19
0.38 0.15
0.30 0.32
0.29 0.10
0.13 0.38
0.11 0.11
0.30 0.20
0.10 0.29
0.36 0.38
0.20 0.37
0.44 0.21
0.21 0.11
0.22 0.37
0.17 0.39
0.21 0.06
0.35 0.09
0.44 0.26
0.20 0.36
0.22 0.20
0.33 0.11
0.33 0.18
0.34 0.14
0.31 0.06
0.32 0.41
0.17 0.11
0.16 0.07
0.31 0.10
0.36 0.22
0.31 0.25
0.20 0.13
0.34 0.22
0.28 0.24
0.09 0.28
0.15 0.13
0.22 0.25
0.07 0.19
0.29 0.32
0.11 0.21
0.25 0.15
0.38 0.27
0.14 0.29
0.29 0.35
0.33 0.32
0.25 0.06
0.08 0.32
0.40 0.15
0.39 0.33
0.36 0.36
0.32 0.30
0.31 0.18
0.33 0.22
0.22 0.23
0.34 0.25
0.21 0.20
0.17 0.32
0.12 0.12
0.07 0.26
0.26 0.12
0.42 0.29
0.21 0.31
0.33 0.31
0.28 0.33
0.25 0.19
0.32 0.43
0.39 0.13
0.36 0.38
0.28 0.07
0.38 0.27
0.19 0.12
0.27 0.12
0.39 0.34
0.40 0.17
0.26 0.14
0.22 0.12
0.40 0.37
0.18 0.07
0.21 0.25
0.09 0.16
0.12 0.13
0.31 0.19
0.26 0.08
0.21 0.32
0.21 0.10
0.15 0.41
0.21 0.29
0.30 0.17
0.11 0.17
0.29 0.41
0.08 0.28
0.13 0.10
0.40 0.28
0.24 0.26
0.36 0.33
0.21 0.36
0.20 0.17
0.36 0.18
0.11 0.36
0.16 0.30
0.25 0.09
0.38 0.12
0.21 0.42
0.12 0.19
0.09 0.25
0.22 0.21
0.28 0.34
0.23 0.25
0.22 0.31
0.45 0.26
0.25 0.28
0.10 0.23
0.08 0.34
0.30 0.38
0.15 0.12
0.29 0.15
0.14 0.34
0.17 0.37
0.27 0.40
0.36 0.26
0.19 0.22
0.43 0.21
0.20 0.16
0.27 0.06
0.18 0.16
0.15 0.40
0.38 0.35
0.33 0.22
0.35 0.37
0.26 0.28
0.21 0.39
0.41 0.30
0.21 0.26
0.37 0.29
0.30 0.31
0.35 0.22
0.06 0.21
0.16 0.26
0.40 0.27
0.17 0.41
0.33 0.33
0.29 0.40
0.10 0.16
0.11 0.18
0.29 0.29
0.20 0.44
0.26 0.38
0.24 0.36
0.11 0.38
0.37 0.31
0.34 0.34
0.13 0.32
0.23 0.18
0.39 0.33
0.20 0.36
0.36 0.17
0.18 0.41
0.10 0.17
0.44 0.20
0.11 0.85
0.38 0.75
0.06 0.81
0.23 0.71
0.34 0.86
0.27 0.75
0.25 0.71
0.41 0.64
0.40 0.79
0.20 0.83
0.24 0.57
0.17 0.65
0.36 0.90
0.22 0.86
0.31 0.80
0.13 0.74
0.27 0.67
0.07 0.80
0.14 0.73
0.19 0.84
0.32 0.80
0.11 0.88
0.33 0.78
0.29 0.57
0.40 0.78
0.19 0.74
0.19 0.57
0.24 0.86
0.11 0.76
0.21 0.70
0.30 0.73
0.28 0.89
0.11 0.68
0.32 0.70
0.31 0.90
0.22 0.60
0.29 0.75
0.13 0.90
0.19 0.73
0.33 0.75
0.39 0.88
0.18 0.70
0.36 0.60
0.12 0.61
0.25 0.68
0.22 0.69
0.12 0.86
0.14 0.73
0.18 0.90
0.11 0.82
0.19 0.66
0.23 0.69
0.34 0.58
0.40 0.83
0.34 0.77
0.19 0.86
0.44 0.78
0.27 0.82
0.16 0.73
0.35 0.75
0.26 0.58
0.07 0.74
0.16 0.69
0.32 0.87
0.18 0.58
0.26 0.75
0.13 0.63
0.44 0.77
0.40 0.65
0.07 0.78
0.20 0.74
0.35 0.69
0.06 0.79
0.42 0.79
0.31 0.70
0.32 0.57
0.29 0.61
0.18 0.92
0.09 0.76
0.32 0.81
0.29 0.83
0.20 0.63
0.34 0.82
0.23 0.58
0.12 0.79
0.26 0.63
0.30 0.81
0.24 0.85
0.38 0.83
0.29 0.60
0.19 0.90
0.21 0.81
0.07 0.69
0.25 0.75
0.38 0.90
0.41 0.79
0.44 0.75
0.36 0.63
0.28 0.68
0.38 0.88
0.31 0.89
0.21 0.77
0.44 0.81
0.12 0.88
0.15 0.70
0.27 0.70
0.27 0.63
0.13 0.76
0.09 0.63
0.23 0.67
0.18 0.84
0.38 0.67
0.17 0.85
0.44 0.75
0.33 0.58
0.10 0.83
0.13 0.62
0.21 0.81
0.32 0.79
0.10 0.75
0.30 0.76
0.30 0.86
0.30 0.87
0.17 0.65
0.31 0.87
0.41 0.69
0.23 0.59
0.30 0.60
0.38 0.65
0.18 0.90
0.07 0.68
0.23 0.75
0.09 0.74
0.29 0.65
0.33 0.65
0.25 0.80
0.22 0.81
0.22 0.59
0.21 0.75
0.43 0.72
0.21 0.79
0.08 0.64
0.18 0.67
0.40 0.70
0.35 0.66
0.39 0.84
0.19 0.86
0.07 0.76
0.24 0.75
0.25 0.63
0.10 0.76
0.43 0.69
0.35 0.69
0.32 0.68
0.17 0.88
0.13 0.60
0.33 0.88
0.31 0.91
0.20 0.57
0.41 0.78
0.23 0.75
0.33 0.60
0.44 0.70
0.18 0.81
0.43 0.65
0.34 0.73
0.13 0.88
0.37 0.76
0.13 0.61
0.08 0.78
0.18 0.83
0.41 0.69
0.18 0.71
0.35 0.60
0.25 0.78
0.24 0.90
0.16 0.91
0.19 0.89
0.23 0.80
0.23 0.63
0.21 0.81
0.16 0.84
0.22 0.79
0.12 0.62
0.19 0.65
0.17 0.60
0.09 0.82
0.19 0.88
0.22 0.78
0.24 0.91
0.42 0.83
0.39 0.87
0.10 0.87
0.09 0.79
0.13 0.61
0.24 0.69
0.38 0.60
0.08 0.80
0.32 0.91
0.39 0.69
0.10 0.68
0.09 0.81
0.13 0.80
0.21 0.83
0.22 0.94
0.14 0.69
0.23 0.63
0.14 0.73
0.40 0.81
0.13 0.63
0.17 0.87
0.16 0.57
0.23 0.88
0.40 0.77
0.16 0.64
0.31 0.82
0.10 0.77
0.33 0.89
0.08 0.67
0.39 0.61
0.12 0.84
0.10 0.66
0.24 0.75
0.20 0.92
0.28 0.63
0.42 0.68
0.19 0.68
0.22 0.80
0.09 0.68
0.13 0.91
0.09 0.64
0.30 0.68
0.22 0.84
0.29 0.61
0.26 0.60
0.34 0.62
0.33 0.93
0.18 0.80
0.35 0.58
0.23 0.76
0.31 0.82
0.30 0.94
0.26 0.85
0.16 0.70
0.24 0.63
0.09 0.72
0.17 0.75
0.35 0.74
0.19 0.93
0.31 0.92
0.20 0.91
0.42 0.75
0.42 0.83
0.22 0.58
0.20 0.78
0.22 0.93
0.16 0.58
0.27 0.84
0.33 0.64
0.20 0.65
0.24 0.80
0.19 0.81
0.21 0.64
0.19 0.80
0.27 0.67
0.39 0.70
0.25 0.87
0.24 0.70
0.15 0.76
0.12 0.81
0.35 0.58
0.21 0.74
0.42 0.69
0.16 0.80
0.22 0.68
0.26 0.86
0.26 0.78
0.11 0.89
0.27 0.72
0.42 0.73
0.39 0.61
0.24 0.57
0.12 0.72
0.22 0.64
0.16 0.71
0.17 0.86
0.37 0.62
0.11 0.64
0.15 0.61
0.33 0.60
0.36 0.71
0.15 0.92
0.25 0.73
0.15 0.68
0.34 0.91
0.34 0.71
0.40 0.85
0.22 0.63
0.43 0.74
0.39 0.77
0.29 0.90
0.22 0.93
0.14 0.79
0.09 0.80
0.26 0.85
0.16 0.78
0.43 0.82
0.28 0.81
0.22 0.85
0.36 0.68
0.21 0.61
0.18 0.72
0.29 0.67
0.08 0.64
0.15 0.61
0.35 0.85
0.21 0.59
0.15 0.78
0.16 0.60
0.23 0.80
0.20 0.76
0.18 0.70
0.30 0.59
0.24 0.84
0.16 0.91
0.35 0.69
0.29 0.77
0.21 0.81
0.27 0.64
0.22 0.82
0.07 0.80
0.38 0.67
0.17 0.84
0.43 0.75
0.30 0.83
0.11 0.66
0.30 0.87
0.10 0.71
0.23 0.75
0.25 0.76
0.32 0.63
0.24 0.59
0.13 0.67
0.39 0.76
0.30 0.69
0.28 0.80
0.19 0.61
0.40 0.78
0.34 0.65
0.09 0.66
0.20 0.79
0.21 0.60
0.19 0.81
0.27 0.65
0.32 0.59
0.10 0.77
0.34 0.65
0.15 0.64
0.24 0.90
0.24 0.88
0.21 0.87
0.34 0.77
0.33 0.59
0.23 0.86
0.23 0.68
0.17 0.69
0.27 0.92
0.07 0.80
0.16 0.60
0.27 0.76
0.13 0.88
0.32 0.87
0.20 0.64
0.31 0.83
0.41 0.79
0.89 0.67
0.62 0.74
0.72 0.81
0.69 0.64
0.71 0.78
0.91 0.84
0.64 0.86
0.73 0.83
0.75 0.69
0.91 0.78
0.61 0.77
0.82 0.89
0.64 0.82
0.75 0.66
0.85 0.63
0.86 0.67
0.66 0.85
0.70 0.90
0.63 0.66
0.62 0.73
0.90 0.84
0.90 0.77
0.62 0.79
0.90 0.75
0.60 0.68
0.70 0.76
0.80 0.56
0.75 0.71
0.74 0.69
0.57 0.69
0.60 0.80
0.89 0.89
0.83 0.58
0.78 0.69
0.81 0.60
0.75 0.66
0.81 0.77
0.67 0.86
0.84 0.69
0.70 0.71
0.87 0.86
0.70 0.87
0.69 0.59
0.89 0.71
0.77 0.61
0.78 0.81
0.93 0.73
0.67 0.70
0.73 0.83
0.62 0.76
0.94 0.72
0.87 0.61
0.85 0.71
0.83 0.64
0.70 0.82
0.81 0.71
0.85 0.83
0.72 0.78
0.68 0.63
0.68 0.82
0.68 0.75
0.64 0.64
0.78 0.64
0.63 0.61
0.76 0.58
0.71 0.66
0.88 0.83
0.71 0.67
0.90 0.64
0.94 0.75
0.68 0.93
0.67 0.75
0.65 0.82
0.81 0.80
0.92 0.68
0.93 0.81
0.58 0.78
0.82 0.82
0.73 0.83
0.66 0.80
0.83 0.64
0.91 0.85
0.81 0.79
0.92 0.66
0.78 0.85
0.75 0.66
0.73 0.90
0.87 0.75
0.88 0.76
0.78 0.78
0.88 0.80
0.77 0.88
0.62 0.64
0.72 0.64
0.86 0.64
0.85 0.76
0.71 0.70
0.75 0.58
0.83 0.58
0.77 0.92
0.87 0.64
0.87 0.74
0.82 0.72
0.64 0.62
0.87 0.62
0.74 0.73
0.64 0.83
0.64 0.60
0.78 0.86
0.86 0.83
0.74 0.85
0.83 0.81
0.76 0.70
0.89 0.71
0.68 0.90
0.85 0.84
0.80 0.93
0.91 0.72
0.76 0.62
0.92 0.75
0.58 0.73
0.70 0.56
0.66 0.58
0.69 0.78
0.68 0.58
0.79 0.66
0.59 0.77
0.89 0.61
0.79 0.68
0.90 0.68
0.76 0.92
0.68 0.92
0.82 0.83
0.69 0.76
0.69 0.57
0.70 0.80
0.79 0.67
0.84 0.89
0.93 0.76
0.73 0.69
0.70 0.79
0.81 0.69
0.55 0.73
0.75 0.66
0.89 0.71
0.89 0.62
0.89 0.72
0.91 0.64
0.61 0.86
0.92 0.83
0.88 0.83
0.56 0.81
0.56 0.78
0.79 0.73
0.68 0.61
0.87 0.80
0.80 0.81
0.89 0.79
0.85 0.88
0.76 0.89
0.81 0.94
0.62 0.68
0.78 0.65
0.57 0.77
0.65 0.79
0.90 0.68
0.78 0.88
0.89 0.85
0.78 0.56
0.62 0.68
0.60 0.86
0.69 0.74
0.83 0.86
0.80 0.90
0.92 0.81
0.85 0.66
0.81 0.87
0.88 0.89
0.73 0.72
0.56 0.81
0.74 0.89
0.81 0.85
0.66 0.66
0.85 0.81
0.89 0.79
0.88 0.71
0.75 0.71
0.85 0.64
0.81 0.69
0.71 0.57
0.62 0.87
0.56 0.75
0.68 0.83
0.66 0.72
0.72 0.89
0.80 0.77
0.66 0.71
0.66 0.80
0.93 0.82
0.61 0.85
0.69 0.61
0.88 0.82
0.60 0.78
0.90 0.76
0.87 0.77
0.84 0.74
0.77 0.84
0.92 0.81
0.85 0.66
0.71 0.94
0.92 0.84
0.59 0.86
0.95 0.73
0.74 0.70
0.89 0.82
0.93 0.75
0.65 0.91
0.68 0.78
0.74 0.82
0.72 0.79
0.65 0.58
0.60 0.79
0.65 0.69
0.79 0.70
0.66 0.78
0.64 0.64
0.70 0.86
0.63 0.63
0.63 0.60
0.89 0.65
0.63 0.62
0.64 0.69
0.83 0.84
0.85 0.90
0.85 0.62
0.85 0.71
0.83 0.93
0.78 0.85
0.81 0.73
0.77 0.75
0.84 0.89
0.74 0.85
0.66 0.65
0.84 0.57
0.76 0.80
0.60 0.65
0.79 0.56
0.66 0.91
0.67 0.66
0.70 0.84
0.68 0.61
0.82 0.83
0.64 0.77
0.62 0.82
0.93 0.69
0.75 0.92
0.90 0.74
0.67 0.64
0.78 0.61
0.89 0.87
0.86 0.62
0.75 0.82
0.58 0.86
0.80 0.80
0.68 0.57
0.69 0.88
0.59 0.66
0.65 0.82
0.68 0.67
0.63 0.74
0.77 0.64
0.78 0.92
0.66 0.79
0.80 0.72
0.70 0.66
0.66 0.68
0.79 0.66
0.67 0.60
0.81 0.83
0.67 0.64
0.84 0.79
0.69 0.58
0.67 0.79
0.62 0.78
0.68 0.81
0.81 0.59
0.64 0.64
0.80 0.91
0.79 0.85
0.82 0.81
0.73 0.91
0.70 0.88
0.62 0.82
0.84 0.75
0.74 0.65
0.88 0.84
0.81 0.72
0.62 0.85
0.63 0.86
0.66 0.63
0.84 0.90
0.86 0.80
0.57 0.75
0.73 0.82
0.59 0.81
0.69 0.71
0.71 0.66
0.84 0.84
0.83 0.86
0.72 0.62
0.77 0.75
0.74 0.86
0.66 0.79
0.84 0.72
0.68 0.75
0.59 0.68
0.78 0.82
0.67 0.57
0.70 0.87
0.86 0.77
0.55 0.73
0.77 0.84
0.84 0.76
0.93 0.83
0.66 0.75
0.75 0.91
0.83 0.67
0.59 0.86
0.74 0.89
0.93 0.80
0.68 0.58
0.71 0.62
0.59 0.65
0.69 0.74
0.83 0.66
0.85 0.87
0.85 0.71
0.56 0.72
0.55 0.75
0.82 0.73
0.68 0.56
0.70 0.73
0.84 0.72
0.75 0.89
0.84 0.66
0.80 0.60
0.70 0.67
0.72 0.71
0.89 0.67
0.57 0.78
0.74 0.64
0.64 0.80
0.60 0.85
0.72 0.68
0.70 0.57
0.86 0.66
0.80 0.67
0.68 0.57
0.74 0.65
0.94 0.72
0.82 0.83
0.80 0.72
0.63 0.77
0.84 0.70
0.88 0.80
0.66 0.58
0.73 0.69
0.87 0.80
0.90 0.86
0.87 0.85
0.67 0.81
0.55 0.75
0.60 0.77
0.59 0.86
0.95 0.75
0.59 0.30
0.60 0.31
0.59 0.32
0.80 0.13
0.92 0.23
0.82 0.18
0.64 0.25
0.64 0.15
0.90 0.33
0.81 0.42
0.60 0.37
0.81 0.20
0.67 0.39
0.83 0.17
0.69 0.31
0.64 0.24
0.84 0.32
0.86 0.28
0.84 0.24
0.65 0.39
0.84 0.08
0.79 0.18
0.62 0.32
0.80 0.13
0.76 0.18
0.60 0.34
0.57 0.31
0.71 0.12
0.81 0.16
0.60 0.17
0.60 0.31
0.85 0.22
0.68 0.28
0.83 0.39
0.68 0.08
0.82 0.10
0.61 0.15
0.57 0.22
0.67 0.30
0.88 0.38
0.82 0.41
0.77 0.44
0.62 0.35
0.81 0.30
0.73 0.34
0.87 0.17
0.60 0.38
0.86 0.10
0.63 0.27
0.92 0.19
0.87 0.19
0.85 0.17
0.85 0.13
0.89 0.30
0.66 0.15
0.65 0.23
0.89 0.28
0.80 0.10
0.92 0.31
0.69 0.18
0.65 0.29
0.61 0.19
0.67 0.19
0.71 0.27
0.91 0.16
0.72 0.24
0.84 0.42
0.80 0.20
0.85 0.24
0.75 0.15
0.61 0.31
0.79 0.27
0.95 0.29
0.75 0.09
0.87 0.34
0.85 0.11
0.82 0.15
0.71 0.30
0.81 0.29
0.57 0.30
0.74 0.17
0.74 0.21
0.79 0.20
0.90 0.18
0.76 0.38
0.64 0.13
0.65 0.29
0.65 0.27
0.81 0.16
0.86 0.20
0.69 0.15
0.84 0.14
0.85 0.38
0.92 0.30
0.56 0.27
0.71 0.38
0.82 0.43
0.75 0.37
0.69 0.14
0.65 0.42
0.72 0.15
0.71 0.12
0.66 0.42
0.64 0.35
0.75 0.31
0.63 0.25
0.75 0.31
0.79 0.24
0.89 0.11
0.73 0.17
0.74 0.43
0.86 0.09
0.77 0.13
0.89 0.24
0.57 0.28
0.68 0.21
0.87 0.41
0.75 0.33
0.80 0.39
0.69 0.18
0.73 0.30
0.89 0.34
0.78 0.30
0.70 0.12
0.64 0.09
0.64 0.23
0.73 0.27
0.58 0.18
0.69 0.18
0.71 0.11
0.63 0.22
0.63 0.39
0.62 0.31
0.60 0.12
0.86 0.12
0.90 0.35
0.86 0.41
0.65 0.30
0.60 0.37
0.75 0.32
0.72 0.29
0.85 0.09
0.84 0.31
0.63 0.28
0.65 0.08
0.60 0.38
0.77 0.06
0.74 0.44
0.70 0.17
0.70 0.30
0.91 0.29
0.68 0.42
0.81 0.30
0.85 0.39
0.68 0.17
0.86 0.20
0.71 0.44
0.88 0.18
0.86 0.15
0.68 0.11
0.77 0.30
0.58 0.25
0.74 0.26
0.77 0.44
0.81 0.12
0.72 0.14
0.92 0.27
0.85 0.16
0.74 0.38
0.86 0.23
0.77 0.15
0.73 0.37
0.72 0.23
0.80 0.27
0.72 0.25
0.61 0.24
0.69 0.24
0.78 0.19
0.60 0.28
0.87 0.25
0.62 0.34
0.63 0.19
0.90 0.28
0.73 0.16
0.82 0.38
0.63 0.40
0.92 0.27
0.61 0.14
0.84 0.09
0.84 0.29
0.56 0.21
0.93 0.17
0.60 0.38
0.70 0.07
0.85 0.09
0.79 0.44
0.81 0.28
0.90 0.37
0.90 0.22
0.70 0.43
0.77 0.27
0.84 0.08
0.71 0.24
0.73 0.19
0.84 0.35
0.62 0.35
0.75 0.12
0.85 0.25
0.79 0.34
0.87 0.26
0.67 0.36
0.59 0.21
0.67 0.43
0.67 0.31
0.92 0.33
0.65 0.28
0.91 0.23
0.70 0.36
0.80 0.20
0.73 0.37
0.83 0.17
0.68 0.18
0.90 0.28
0.93 0.25
0.67 0.39
0.74 0.16
0.65 0.32
0.74 0.30
0.74 0.33
0.81 0.22
0.85 0.22
0.66 0.39
0.68 0.17
0.73 0.20
0.58 0.25
0.81 0.10
0.75 0.33
0.80 0.22
0.69 0.34
0.66 0.10
0.65 0.31
0.72 0.24
0.86 0.34
0.60 0.30
0.78 0.31
0.73 0.30
0.65 0.24
0.71 0.07
0.83 0.10
0.87 0.19
0.83 0.13
0.60 0.19
0.71 0.42
0.80 0.26
0.78 0.17
0.66 0.28
0.59 0.24
0.79 0.37
0.83 0.08
0.59 0.14
0.76 0.19
0.90 0.17
0.72 0.23
0.62 0.19
0.68 0.38
0.76 0.22
0.76 0.24
0.92 0.23
0.69 0.38
0.67 0.22
0.89 0.14
0.73 0.21
0.75 0.17
0.89 0.19
0.79 0.44
0.69 0.08
0.58 0.32
0.81 0.09
0.91 0.33
0.68 0.41
0.90 0.33
0.94 0.25
0.92 0.21
0.91 0.20
0.73 0.44
0.73 0.36
0.93 0.20
0.79 0.10
0.74 0.24
0.91 0.20
0.56 0.30
0.70 0.35
0.61 0.22
0.83 0.16
0.71 0.19
0.69 0.35
0.91 0.34
0.80 0.29
0.64 0.19
0.66 0.42
0.91 0.27
0.84 0.27
0.87 0.25
0.74 0.31
0.71 0.44
0.69 0.22
0.68 0.25
0.69 0.29
0.61 0.24
0.82 0.33
0.85 0.25
0.71 0.22
0.60 0.12
0.68 0.37
0.67 0.08
0.65 0.22
0.61 0.12
0.80 0.20
0.90 0.27
0.71 0.22
0.88 0.36
0.76 0.11
0.67 0.16
0.76 0.14
0.57 0.18
0.67 0.08
0.70 0.15
0.72 0.36
0.91 0.16
0.86 0.08
0.87 0.25
0.81 0.21
0.82 0.33
0.87 0.39
0.72 0.11
0.89 0.12
0.83 0.32
0.85 0.24
0.78 0.06
0.69 0.24
0.65 0.26
0.62 0.20
0.65 0.30
0.68 0.26
0.86 0.11
0.76 0.21
0.89 0.30
0.91 0.13
0.80 0.28
0.87 0.16
0.80 0.41
0.58 0.36
0.88 0.16
0.77 0.28
0.81 0.41
0.85 0.34
0.66 0.32
0.91 0.27
0.69 0.21
0.83 0.40
0.72 0.12
0.85 0.42
0.69 0.13
0.91 0.29
0.83 0.40
0.80 0.16
0.61 0.38
0.82 0.13
0.73 0.44
0.74 0.12
0.62 0.25
0.57 0.16
0.79 0.38
0.59 0.35
0.67 0.15
